142 389 010 1
1 3 5 12 14
1 5 8 15 25
1 1 4 9 11 14
1 3 11 13
1 1 2 12 15 19
1 7 8 10 17 18 23
1 6 16 18
1 2 6 10 25
1 3 11 14 21 27
1 6 8 17 24 25
1 3 4 9 13 21
1 1 5 14 19 20
1 4 11 21 45
1 1 3 9 12 20 27 34
1 2 5 19 22 25 37
1 7 18 29
1 6 10 23 24 35
1 6 7 16 23 29 31 32
1 5 12 15 20 22
2 12 14 19 26 34
1 9 11 13 27 36 41 45
1 15 19 26 30 37
1 6 17 18 32 35
1 10 17 25 28 35
2 2 8 10 15 24 28 33 37
1 20 22 30 34 44
1 9 14 21 34 36
1 24 25 33 35 54
1 16 18 31 38 40
3 22 26 37 44 48 49
1 18 29 32 39 40
1 18 23 31 35 39 42
1 25 28 37 54
1 14 20 26 27 36 44 50
1 17 23 24 28 32 42 54 59
1 21 27 34 41 50
1 15 22 25 30 33 48 54
1 29 40 51
1 31 32 40 42 43
1 29 31 38 39 43 51
1 21 36 45 50 53
1 32 35 39 43 52 59
3 39 40 42 47 51 52 56
1 26 30 34 46 49 50 55
2 13 21 41 53 57
1 44 50 55
1 43 52 56 61
1 30 37 49 54 60 72
1 30 44 48 55 60
1 34 36 41 44 46 53 55 58
1 38 40 43 56 68
1 42 43 47 59 61 66
1 41 45 50 57 58 62 63 67
1 28 33 35 37 48 59 65 72 74
1 44 46 49 50 58 60 64 69 70
2 43 47 51 61 66 68 78
1 45 53 63 83
1 50 53 55 62 69
1 35 42 52 54 65 66 73 75
1 48 49 55 64 72
1 47 52 56 66
1 53 58 67 69 71 76 81
1 53 57 67 83
1 55 60 70 72
2 54 59 73 74
2 52 56 59 61 75 77 78 79
1 53 62 63 76 83 88
1 51 56 78 90
1 55 58 62 70 71 84
1 55 64 69 72 84
1 62 69 81 84 92
1 48 54 60 64 70 74 84 85 86
1 59 65 74 75 80 82
1 54 65 72 73 80 85
1 59 66 73 79 82
1 62 67 81 88
1 66 78 79 87
1 56 66 68 77 87 90 95 98
2 66 75 77 82 87
2 73 74 82 85 93
2 62 71 76 88 91 92
2 73 75 79 80 87 93 94
1 57 63 67 88 89
1 69 70 71 72 86 92 97 101 103
1 72 74 80 86 93 96
1 72 84 85 96 97
1 77 78 79 82 94 95
1 67 76 81 83 89 91
1 83 88 91
1 68 78 98 99
1 81 88 89 92 100 108 116
2 71 81 84 91 100 101
1 80 82 85 94 96 109 119 120
1 82 87 93 95 104 119
1 78 87 94 98 102 104 106
1 85 86 93 97 105 109
1 84 86 96 103 105
1 78 90 95 99 102
1 90 98 102 111
1 91 92 101 107 108 112
1 84 92 100 103 110 112
1 95 98 99 106 111
1 84 97 101 105 110 114
1 94 95 106 119
3 96 97 103 109 113 114 118
2 95 102 104 111 115 119
1 100 108 112
1 91 100 107 112 116 117 121
1 93 96 105 113 120
1 101 103 112 114 125 131
1 99 102 106 115 137 142
1 100 101 107 108 110 117 125 129
1 105 109 118 120 130
1 103 105 110 118 131 132 133 134
1 106 111 119 122 137
1 91 108 121 139
1 108 112 121 123 128 129
1 105 113 114 126 130 133
1 93 94 104 106 115 120 122 124 127
1 93 109 113 119 124 130 136
1 108 116 117 123 139 141
1 115 119 127 135 137
1 117 121 128 141
1 119 120 127 136 140
1 110 112 129 131
1 118 130 133
1 119 122 124 135 140
1 117 123 129 138 141
1 112 117 125 128 131 138
1 113 118 120 126 133 136 140
1 110 114 125 129 132 138
2 114 131 134
2 114 118 126 130 134 140
2 114 132 133 140
1 122 127 137 140
1 120 124 130 140
1 111 115 122 135 142
1 128 129 131 141
1 116 121 141
1 124 127 130 133 134 135 136
1 121 123 128 138 139
2 111 137
