203 562 010 1
1 3 9 12 14
2 4 7 11 17 19
1 1 4 9 18
1 2 3 17 18 25 28
1 8 16
1 10 13 20
1 2 10 19 21
1 5 15 16
1 1 3 14 18 31
3 6 7 20 21 27
1 2 17 19 23
1 1 14 29
2 6 15 20 22 34
1 1 9 12 29 31
2 8 13 16 22 24 30
1 5 8 15 26 30
1 2 4 11 23 25 32 36
2 3 4 9 28 31 38 42
1 2 7 11 21 23 27 45
2 6 10 13 27 34 41
1 7 10 19 27
1 13 15 24 34
1 11 17 19 36 45
1 15 22 30 33 34 44
1 4 17 28 32 35
1 16 30 33
1 10 19 20 21 41 45
1 4 18 25 35 38
1 12 14 31 37 43
1 15 16 24 26 33
1 9 14 18 29 37 42
2 17 25 35 36 39 46 49
1 24 26 30 44 47
1 13 20 22 24 40 41 44
1 25 28 32 38 46
1 17 23 32 39 45
1 29 31 42 43 56
1 18 28 35 42 46 50 55
1 32 36 45 48 49
1 34 41 44 51 53 65
1 20 27 34 40 45 51
1 18 31 37 38 50 52 56 60
1 29 37 54 56
1 24 33 34 40 47 53 58
1 19 23 27 36 39 41 48 51 57 62
1 32 35 38 49 55 61 63
1 33 44 58 59 66
1 39 45 49 62 67
1 32 39 46 48 61 67 68
1 38 42 52 55
1 40 41 45 57 65
1 42 50 55 60 69
1 40 44 58 65 87
1 43 56 64 70
1 38 46 50 52 63 69 74
1 37 42 43 54 60 64
1 45 51 62 65 73 83
1 44 47 53 66 72 87
1 47 66
1 42 52 56 64 69
1 46 49 63 68
1 45 48 57 67 73 76
1 46 55 61 68 74
1 54 56 60 69 70 78
1 40 51 53 57 83 87
2 47 58 59 71 72 75
2 48 49 62 68 76 77 79 85
2 49 61 63 67 74 79 86
1 52 55 60 64 74 78 81 89
1 54 64 78 92
1 66 75 80 91 106
1 58 66 75 80 84 87
1 57 62 76 82 83 88 94
1 55 63 68 69 81 86 90
1 66 71 72 80
1 62 67 73 82 85
1 67 79 85 86 95
1 64 69 70 89 92
1 67 68 77 86
3 71 72 75 84 91 102 111
1 69 74 89 90
1 73 76 85 88 93
1 57 65 73 87 94 103 104 108 109
1 72 80 87 111
1 67 76 77 82 93 95 100
3 68 74 77 79 90 95 96 97 98
1 53 58 65 72 83 84 108 111
1 73 82 93 94 99 105
1 69 78 81 90 92 101 110
1 74 81 86 89 98 101 107 112
1 71 80 102 106
2 70 78 89 110 114
1 82 85 88 100 105
1 73 83 88 99 103
1 77 85 86 97 100 113
1 86 97 98
1 86 95 96 98 113
1 86 90 96 97 112 113
1 88 94 103 105 117
2 85 93 95 105 113 115 116
1 89 90 107 110
2 80 91 106 111 118 121
1 83 94 99 104 117
1 83 103 109 117
1 88 93 99 100 116 117
1 71 91 102 118 135
1 90 101 110 112 123 125
1 83 87 109 111 119
1 83 104 108 117 119 131
1 89 92 101 107 114 120 123 130 133
1 80 84 87 102 108 119 121 122 124
1 90 98 107 113 125 129
1 95 97 98 100 112 115 126 129
1 92 110 120 134
1 100 113 116 126
1 100 105 115 117 126 128
1 99 103 104 105 109 116 128 131 142
1 102 106 121 135 136
1 108 109 111 124 131
2 110 114 130 134
1 102 111 118 122 127 136
1 111 121 124 127
1 107 110 125 132 133
1 111 119 122 127 131 138
1 107 112 123 129 132 144
2 113 115 116 128 129 139 146 150
1 121 122 124 136 138
1 116 117 126 142 146
1 112 113 125 126 144 147 149 150
1 110 120 133 134 140 145
1 109 117 119 124 138 141 142
1 123 125 133 144
1 110 123 130 132 144 145
1 114 120 130 140
1 106 118 136 137 143 162
1 118 121 127 135 137 138
2 135 136 138 143 156 160
1 124 127 131 136 137 141 154 156
1 126 146 148 150 152
1 130 134 145 158 165
1 131 138 142 154 163
1 117 128 131 141 146 161 163 167
1 135 137 160 162
1 125 129 132 133 145 147 155
1 130 133 140 144 155 158
1 126 128 139 142 148 153 161
1 129 144 149 151 155
1 139 146 152 153
1 129 147 150 151 157
2 126 129 139 149 152 157 170
1 147 149 155 157 159 164
1 139 148 150 153 170
1 146 148 152 161 170
1 138 141 156 163 166 177
1 144 145 147 151 159 174
1 137 138 154 160 166
1 149 150 151 164 170 171 175
1 140 145 165 174 180
1 151 155 164 172 174
1 137 143 156 162 166 169 176
1 142 146 153 167 170 173
1 135 143 160 168 169
1 141 142 154 167 177
1 151 157 159 171 172
3 140 158 180 185 188
1 154 156 160 176 177 179 181 184
1 142 161 163 173 177 183
1 162 169 178
1 160 162 168 176 178
2 150 152 153 157 161 173 175 186 189
1 157 164 172 175 187
3 159 164 171 174 182 187 192 197
1 161 167 170 183 189 191
1 155 158 159 172 180 182
2 157 170 171 186 187
2 160 166 169 178 179 190
1 154 163 166 167 183 184
1 168 169 176 190 201
2 166 176 181 190
2 158 165 174 182 188 194
1 166 179 184 190 199
1 172 174 180 192 194
1 167 173 177 184 191 195 199
1 166 177 181 183 199
1 165 188
4 170 175 187 189 193 198
1 171 172 175 186 197 198
1 165 180 185 194 203
1 170 173 186 191 193 196 202
2 176 178 179 181 199 201
1 173 183 189 195 202
1 172 182 194 197 200 203
1 186 189 196 198 202
1 180 182 188 192 203
1 183 191 199 202
1 189 193 202
1 172 187 192 198 200
1 186 187 193 197 202
1 181 183 184 190 195 201
1 192 197 203
1 178 190 199
1 189 191 193 195 196 198
1 188 192 194 200
