141 388 010 1
1 13 15 31
2 6 13 24 28
1 7 8 10 12
1 7 9 17 21
1 6 10 11 16
1 2 5 11 24
3 3 4 12 20 21
1 3 10 12 14 19 22
1 4 17 18
1 3 5 8 14 16
1 5 6 16 23 24
1 3 7 8 19 20
1 1 2 15 28
2 8 10 16 22 23
2 1 13 25 27 28 31
1 5 10 11 14 23
1 4 9 18 21 30
1 9 17 30 36
1 8 12 20 22 26
1 7 12 19 21 26 29
1 4 7 17 20 29 30 42
1 8 14 19 23 26 33 34
1 11 14 16 22 24 32 34
1 2 6 11 23 28 32
1 15 27 31 39
2 19 20 22 29 33 38
1 15 25 28 39
1 2 13 15 24 27 32 39 40
1 20 21 26 38 42
1 17 18 21 35 36 37 42
1 1 15 25 39 47
3 23 24 28 34 40 41 43 44 53
1 22 26 34 38 45
1 22 23 32 33 41 45
1 30 36 37
1 18 30 35 37 54
1 30 35 36 42 54
1 26 29 33 42 45 51 55
2 25 27 28 31 40 44 47 48 50
1 28 32 39 44
1 32 34 43 45 46
1 21 29 30 37 38 49 54 55
1 32 41 46 53
1 32 39 40 50 52 53
1 33 34 38 41 46 51
1 41 43 45 51 53 56 59
1 31 39 48 58
1 39 47 50 58 63 64
1 42 54 55 57
1 39 44 48 52 60 64
1 38 45 46 55 56
1 44 50 53 60 61 65
2 32 43 44 46 52 59 61
1 36 37 42 49 57 68
1 38 42 49 51 56 62 70 71
1 46 51 55 59 69 70 73
1 49 54 62 67 68
2 47 48 63 74 86
1 46 53 56 61 66 69 75
1 50 52 64 65 74 78
1 52 53 59 65 66
1 55 57 67 71
1 48 58 64 74
1 48 50 60 63 74
1 52 60 61 66 78
1 59 61 65 75 78
1 57 62 68 71 72 77
1 54 57 67 77 88
1 56 59 73 75 79
1 55 56 71 73 76
1 55 62 67 70 72 76 80 84
1 67 71 77 84
1 56 69 70 76 79 85
2 58 60 63 64 78 82 83 86 89
1 59 66 69 78 79 87 90
1 70 71 73 80 85 96
1 67 68 72 81 84 88
1 60 65 66 74 75 83 87
1 69 73 75 85 90
1 71 76 84 96 98
1 77 84 88 92 98
1 74 83 89 91
1 74 78 82 87 91 94 108
1 71 72 77 80 81 98
1 73 76 79 90 95 96
1 58 74 89 100
1 75 78 83 90 94
1 68 77 81 92 93 97
1 74 82 86 91 100 103
1 75 79 85 87 94 95
1 82 83 89 103 108
1 81 88 93 98 101
1 88 92 97 101 104 112
1 83 87 90 95 99 105 108
1 85 90 94 96 99 107
1 76 80 85 95 98 107 111 118 119 120
1 88 93 104
1 80 81 84 92 96 101 102 110 111
1 94 95 105 106 107 121
1 86 89 103 114 116
1 92 93 98 102 109 112
1 98 101 109 110
2 89 91 100 108 116 123
1 93 97 112 115 131
1 94 99 108 113 121
1 99 107 117 121
2 95 96 99 106 117 120
2 83 91 94 103 105 113 123
1 101 102 110 111 112 124
1 98 102 109 111
2 96 98 109 110 118 124 132 133
1 93 101 104 109 115 122 124
1 105 108 121 123 125 127 130
1 100 116 126 137
2 104 112 122 129 131
1 100 103 114 123 126
1 106 107 120 121 128 136 138
1 96 111 119 132
1 96 118 120 128 132
1 96 107 117 119 128
1 99 105 106 113 117 125 138
1 112 115 124 129
1 103 108 113 116 126 130 135
1 109 111 112 122 129 133
1 113 121 127 134 138
1 114 116 123 135 137
1 113 125 130 134
1 117 119 120 132 136
1 115 122 124 131 133 139
1 113 123 127 134 135
1 104 115 129 139
1 111 118 119 128 133 136 140 141
1 111 124 129 132 139 141
1 125 127 130 135 138
1 123 126 130 134 137
1 117 128 132 138 140
2 114 126 135
1 117 121 125 134 136 140
1 129 131 133 141
1 132 136 138 141
1 132 133 139 140
