192 533 010 1
2 8 9 13 21 22
1 4 7 12 16 26
1 5 18 19
1 2 16 20 28
1 3 11 18 27
1 8 10 15 24
1 2 9 12 14
2 1 6 15 17 21
1 1 7 13 14
1 6 11 24
1 5 10 24 27 34
1 2 7 14 26 29
1 1 9 14 22
4 7 9 12 13 22 29 31 35 41
2 6 8 17 24 25
2 2 4 20 26 37
3 8 15 21 25 30
1 3 5 19 23 27
1 3 18 23 32 60
1 4 16 28 37 38
1 1 8 17 22 30
1 1 13 14 21 30 35
1 18 19 27 32
1 6 10 11 15 25 34 39 42 48
1 15 17 24 30 39
1 2 12 16 29 37 40
1 5 11 18 23 32 34
1 4 20 38 43
2 12 14 26 31 33 40
1 17 21 22 25 35 36 39
1 14 29 33 41
4 19 23 27 34 45 57 60
1 29 31 40 41 47 52 55
1 11 24 27 32 42 45 51
2 14 22 30 36 41 44 46
1 30 35 39 44 58
2 16 20 26 38 40 43 50 53
1 20 28 37 43
1 24 25 30 36 48 56 58
1 26 29 33 37 47 50
1 14 31 33 35 46 55
1 24 34 48 49 51
1 28 37 38 53 65
2 35 36 46 58 64
1 32 34 51 54 57
1 35 41 44 55 63 64
1 33 40 50 52
1 24 39 42 49 56 59
3 42 48 51 54 59 62 69 80
1 37 40 47 52 53 55 68 73
1 34 42 45 49 54
1 33 47 50 55
1 37 43 50 65 68
1 45 49 51 57 66 69
3 33 41 46 50 52 63 72 73 76 77
1 39 48 58 59 62 75
1 32 45 54 60 61 66
1 36 39 44 56 64 67 75 78
1 48 49 56 62
1 19 32 57 61 70
1 57 60 66 70 74
2 49 56 59 75 80 86
1 46 55 64 72
1 44 46 58 63 67 72
1 43 53 68 71
1 54 57 61 69 79
1 58 64 72 78 81
1 50 53 65 71 73 84
1 49 54 66 79 80
1 60 61 74 82
1 65 68 83 84
1 55 63 64 67 76 81
1 50 55 68 77 84
1 61 70 79 82
1 56 58 62 78 86 88 93
1 55 72 77 81 85
2 55 73 76 84 85 95
1 58 67 75 81 87 88
2 66 69 74 80 82 91 97 100 102
1 49 62 69 79 86 91
2 67 72 76 78 85 87 89 90
1 70 74 79 97
1 71 84 92 99
3 68 71 73 77 83 95 99 101
1 76 77 81 89 95 98
1 62 75 80 91 93 104
1 78 81 88 90 94
2 75 78 87 93 94 96
1 81 85 90 98
1 81 87 89 94 98 103 108
1 79 80 86 100 104
2 83 99 116
1 75 86 88 96 104 105 106
1 87 88 90 96 103 108
2 77 84 85 98 101 107 109 114
1 88 93 94 103 105
1 79 82 102 110
1 85 89 90 95 107 108 113
1 83 84 92 101 115 116
1 79 91 102 104 110 112
1 84 95 99 114 115
1 79 97 100 110
1 90 94 96 105 108 111
4 86 91 93 100 106 112 123 125 131
1 93 96 103 106 111 118
1 93 104 105 118 123
2 95 98 109 113 119
1 90 94 98 103 111 113 128
1 95 107 114 119
2 97 100 102 112 117 120 124
2 103 105 108 118 128
1 100 104 110 124 131
1 98 107 108 119 128 132
2 95 101 109 115 119 121 122 126
1 99 101 114 116 121 127
2 92 99 115 127 146
1 110 120 141 151
1 105 106 111 123 128 130 138
1 107 109 113 114 122 132
1 110 117 124 141
1 114 115 126 127 129 135
1 114 119 126 132 134
1 104 106 118 125 130
1 110 112 120 131 133 141
1 104 123 130 131
1 114 121 122 129 134 136
1 115 116 121 135 143 146
1 108 111 113 118 132 138 140 145
1 121 126 135 136 144
2 118 123 125 131 138 139 142
1 104 112 124 125 130 133 142
1 113 119 122 128 134 140 150
1 124 131 137 141 142
1 122 126 132 136 148 150
1 121 127 129 143 144 156
1 126 129 134 144 148
1 133 141 142 159
2 118 128 130 139 145 147 149 155 162
2 130 138 142 149
1 128 132 145 150 158
2 117 120 124 133 137 151 152 159
1 130 131 133 137 139 149 159
1 127 135 146 154 156
3 129 135 136 148 153 156 157
1 128 138 140 147 155 158
1 116 127 143 154 170
2 138 145 155
1 134 136 144 150 153
1 138 139 142 159 161 162
1 132 134 140 148 153 158 163 169
1 117 141 152 160 174
1 141 151 159 160 167
1 144 148 150 157 169 177
1 143 146 156 170
2 138 145 147 158 162 168 173
1 135 143 144 154 157 166 170
1 144 153 156 166 177
1 140 145 150 155 163 168 172 181
4 137 141 142 149 152 161 165 167 171
1 151 152 167 174 180
1 149 159 162 164 171 175
1 138 149 155 161 164 173 176
1 150 158 169 172
2 161 162 175 176
1 159 167 171 179
1 156 157 170 177 191
2 152 159 160 165 179 180
1 155 158 173 181
2 150 153 163 172 177 184 186
1 146 154 156 166 178 191
1 159 161 165 175 179 183
1 158 163 169 181 186 188
4 155 162 168 176 181 185 188
1 151 160 180 192
1 161 164 171 176 182 183 187
1 162 164 173 175 182 185
1 153 157 166 169 184 191
1 170 191
1 165 167 171 180 183 189 192
1 160 167 174 179 192
1 158 168 172 173 188
1 175 176 185 187
1 171 175 179 187 189 190
1 169 177 186 191
2 173 176 182 188
1 169 172 184 188
1 175 182 183 190
1 172 173 181 185 186
1 179 183 190 192
1 183 187 189
1 166 170 177 178 184
1 174 179 180 189
