148 402 010 1
1 2 4 25
1 1 5 25
2 5 9 12 22
3 1 19 25
2 2 3 22 25
1 8 10 11
1 8 15
1 6 7 11 15 18
2 3 10 12 13 17
1 6 9 11 14 16 17
1 6 8 10 14 18 24 28
1 3 9 13 20 22
1 9 12 17 20 21 30
1 10 11 16 23 28 29
1 7 8 18 26
1 10 14 17 23 34 36
1 9 10 13 16 21 31 34
1 8 11 15 24 26
1 4 25 38 50
2 12 13 22 27 30 35
1 13 17 30 31 32
2 3 5 12 20 25 35
1 14 16 29 36
1 11 18 26 28 37
1 1 2 4 5 19 22 35 38 49 59 62
1 15 18 24 33 37
1 20 30 35 45
1 11 14 24 29 37 39 44
1 14 23 28 36 39
1 13 20 21 27 32 45
1 17 21 32 34 40 42
1 21 30 31 40 45
1 26 37 43
1 16 17 31 36 42 52
1 20 22 25 27 45 62
1 16 23 29 34 39 47 52
1 24 26 28 33 41 43 44
1 19 25 46 49 50
1 28 29 36 44 47
1 31 32 42 45 51
1 37 43 44 48 55 58
1 31 34 40 51 52 60
1 33 37 41 53 58
1 28 37 39 41 47 48
1 27 30 32 35 40 51 54 62
1 38 49 50 64
1 36 39 44 48 52 61
1 41 44 47 55 61
1 25 38 46 59 64 67
1 19 38 46 64 65
1 40 42 45 54 56 57 60
1 34 36 42 47 60 61 70
1 43 58 74 88
1 45 51 56 62 68
1 41 48 58 61 74 76
1 51 54 57 63 68
1 51 56 60 63
1 41 43 53 55 74
1 25 49 62 66 67 77
1 42 51 52 57 63 70 71
1 47 48 52 55 70 76
1 25 35 45 54 59 66 68
3 56 57 60 68 71 79 86
1 46 49 50 65 67 69 73
1 50 64 69 78 83
1 59 62 68 72 77
1 49 59 64 73 75 77
1 54 56 62 63 66 72 86 89 93
1 64 65 73 78
1 52 60 61 71 76 79 81 90
1 60 63 70 79
1 66 68 77 80 89
1 64 67 69 75 78 82 91
1 53 55 58 76 87 88
1 67 73 77 84 91
3 55 61 70 74 81 85 87
1 59 66 67 72 75 80 84
1 65 69 73 82 83
1 63 70 71 86 90
1 72 77 84 89 92
1 70 76 85 90
1 73 78 83 91 95
1 65 78 82 95
1 75 77 80 91 92
1 76 81 87 90 104 108
1 63 68 79 90 93 99
1 74 76 85 88 96 104
1 53 74 87 94 96
1 68 72 80 92 93 97 106
1 70 79 81 85 86 99 108
1 73 75 82 84 92 95 98 100
1 80 84 89 91 97 98
1 68 86 89 99 101 106 109
2 88 96 102 103
1 82 83 91 100 107
1 87 88 94 102 104
1 89 92 98 105 106 114
1 91 92 97 100 105 112
1 86 90 93 101 108 111 115 120
1 91 95 98 107 112
1 93 99 109 111
1 94 96 103 104 110 113
1 94 102 110
1 85 87 96 102 108 113 116
1 97 98 112 114
3 89 93 97 109 114 119 122 126
2 95 100 112 117 118
1 85 90 99 104 115 116 123
1 93 101 106 111 119
1 102 103 113 121 125
1 99 101 109 119 120 124 131
1 98 100 105 107 114 117 132 133
1 102 104 110 116 121
2 97 105 106 112 122 132
1 99 108 120 123
1 104 108 113 121 123 129 130
1 107 112 118 133 136
1 107 117 136
1 106 109 111 124 126
1 99 111 115 123 128 131
1 110 113 116 125 130
1 106 114 126 127 132
1 108 115 116 120 128 129
1 111 119 126 131 137 141 146
2 110 121 130 139 143 145 147
1 106 119 122 124 127 141
1 122 126 132 141
1 120 123 129 131 134
1 116 123 128 130 134 142
1 116 121 125 129 142 147
1 111 120 124 128 134 137 140
2 112 114 122 127 133 135 138 141
1 112 117 132 135 136
1 128 129 131 140 142
1 132 133 136 138 144
1 117 118 133 135 144
1 124 131 140 146
1 132 135 141 144
1 125 143 148
1 131 134 137 142
2 124 126 127 132 138 146
1 129 130 134 140 147
1 125 139 145 148
1 135 136 138
1 125 143 147 148
1 124 137 141
1 125 130 142 145
1 139 143 145
