215 598 010 1
1 3 5 6 14
1 9 11 17 18
1 1 5 7 10 16
1 7 11 12
1 1 3 6 16 21
1 1 5 14 21 26 29
1 3 4 10 12 13
1 9 15 19
1 2 8 17 19
2 3 7 13 16 20 28
1 2 4 12 18 27
3 4 7 11 13 22 27 34
1 7 10 12 20 22
1 1 6 23 24 29
1 8 19 31
1 3 5 10 21 28 42
1 2 9 18 19 25 33
1 2 11 17 25 27
1 8 9 15 17 31 33 37
1 10 13 22 28 35
2 5 6 16 26 36 42
1 12 13 20 34 35
2 14 24 32 39
1 14 23 29 30 32
1 17 18 27 33 45
2 6 21 29 36
1 11 12 18 25 34 45 55 60
1 10 16 20 35 42 43
4 6 14 24 26 30 36 40 41 47 48
1 24 29 32 41
1 15 19 37 46
1 23 24 30 39 41
1 17 19 25 37 44 45
1 12 22 27 35 38 55
1 20 22 28 34 38 43
1 21 26 29 40 42
1 19 31 33 44 46 49 56
3 34 35 43 51 55
4 23 32 41 52 58 59
3 29 36 42 48 54 77
1 29 30 32 39 47 57 58
1 16 21 28 36 40 43 54
1 28 35 38 42 51 53 54
1 33 37 45 50 56 64
1 25 27 33 44 50 60
1 31 37 49 68
1 29 41 48 57
2 29 40 47 57 67 76 77
1 37 46 56 65 68
1 44 45 60 63 64
1 38 43 53 55 62 70
1 39 58 59
1 43 51 54 61 70
1 40 42 43 53 61 77
1 27 34 38 51 60 62 69
1 37 44 49 64 65 66
2 41 47 48 58 67
4 39 41 52 57 59 67 73 80 88
1 39 52 58 73
1 27 45 50 55 63 69 72
2 53 54 70 75 77 85
1 51 55 69 70
1 50 60 64 72 78
1 44 50 56 63 66 78
1 49 56 66 68 71
2 56 64 65 71 78 83 96
1 48 57 58 76 80
1 46 49 65 71 89
2 55 60 62 70 72 74 79 82
1 51 53 61 62 69 74 75 84
1 65 66 68 83 89
1 60 63 69 78 79
1 58 59 81 88
1 69 70 82 84 86
1 61 70 84 85 93
1 48 67 77 80 87 90
2 40 48 54 61 76 85 90 101
2 63 64 66 72 79 91 96 103
1 69 72 78 82 91
1 58 67 76 87 88 95
1 73 88 92
1 69 74 79 86 91
1 66 71 89 96 110
1 70 74 75 86 93 98 99
2 61 75 77 93 101
2 74 82 84 91 98
1 76 80 90 94 95
1 58 73 80 81 92 95 97
1 68 71 83 109 110
1 76 77 87 94 100 101 104
2 78 79 82 86 98 103
1 81 88 97
1 75 84 85 99 101 102 105
1 87 90 95 100
1 80 87 88 94 97 100 106
1 66 78 83 103 110 116
2 88 92 95 106 119
2 84 86 91 99 103 111 114
3 84 93 98 102 114 115 127
2 90 94 95 104 106 107 118 128 131
1 77 85 90 93 104 105 107
1 93 99 105 115
1 78 91 96 98 108 111 113 116
1 90 100 101 107
2 93 101 102 107 112 115 120
2 95 97 100 117 118 119
2 100 101 104 105 112 124 128
1 103 111 113
2 89 110 129 145
1 83 89 96 109 116 129 132
1 98 103 108 113 114 121
1 105 107 120 124
1 103 108 111 116 121 122
1 98 99 111 121 123 127 134 137
1 99 102 105 120 127
2 96 103 110 113 122 130 132
1 106 118 119 125 139
2 100 106 117 131 139
1 97 106 117 125 126
3 105 112 115 124 127 133 141 150
1 111 113 114 122 137 140
2 113 116 121 130 140
1 114 127 134 135
1 107 112 120 128 133 141 146 149
1 117 119 126 138 139
1 119 125 138 155
1 99 114 115 120 123 135 150
1 100 107 124 131 136 149
1 109 110 132 143 145
1 116 122 132 140 142 144
1 100 118 128 136 139 154
1 110 116 129 130 142 143
1 120 124 141
1 114 123 135 137 147
1 123 127 134 147 150 157
1 128 131 149 154 164
1 114 121 134 140 147 148
3 125 126 139 154 155 163
2 117 118 125 131 138 154
1 121 122 130 137 144 148 156
2 120 124 133 146 150 151 152
1 130 132 143 144 153
3 129 132 142 145 159 160
1 130 140 142 153 156
1 109 129 143 159 160
1 124 141 149 152 158 166
2 134 135 137 148 157 161 162
1 137 140 147 156 162
1 124 128 136 146 164 166
1 120 127 135 141 151 157 158 168 169
1 141 150 152 158
1 141 146 151 158
1 142 144 156 160 167
1 131 136 138 139 163 164 165
1 126 138 163 171 180
1 140 144 148 153 162 167 181
1 135 147 150 161 169
1 146 150 151 152 166 168 176
1 143 145 160
4 143 145 153 159 167 173 175
1 147 157 162 169 172 177
1 147 148 156 161 172 181
1 138 154 155 165 170 171
1 136 149 154 165 166 182 189
1 154 163 164 170 182
2 146 149 158 164 176 179 187 189
2 153 156 160 173 181 184
1 150 158 169 174 176 178
1 150 157 161 168 177 178 183 188
1 163 165 171 182 190
1 155 163 170 180 190
1 161 162 177 181
1 160 167 175 184 192
1 168 176 178 199
2 160 173 192 206
1 158 166 168 174 179 199
1 161 169 172 181 185 188
1 168 169 174 183 186 199 211 214
1 166 176 187 199
1 155 171 190 200
2 156 162 167 172 177 184 185 191 194 202
3 164 165 170 189 190 196 197
2 169 178 186 188 214
1 167 173 181 191 192 205 207 212
1 177 181 188 193 202
1 178 183 214
1 166 179 189 195 198 199
1 169 177 183 185 193 204 214
1 164 166 182 187 196 198
1 170 171 180 182 197 200
1 181 184 194 207
1 173 175 184 201 205 206
1 185 188 202 204
1 181 191 202 203 207 215
1 187 198 199
1 182 189 197 198 209
1 182 190 196 200 209 210
1 187 189 195 196 199 209
5 174 176 178 179 187 195 198 209 211
1 180 190 197 210
1 192 205 206
1 181 185 193 194 203 204 208 213
1 194 202 208 215
2 188 193 202 213 214
1 184 192 201 206 212
2 175 192 201 205 212
1 184 191 194 212 215
1 202 203 213 215
1 196 197 198 199
1 197 200
1 178 199 214
1 184 205 206 207
1 202 204 208
1 178 183 186 188 204 211
1 194 203 207 208
