232 642 010 1
1 6 22
1 5 8 16 30 38
1 7 9 13 17 21
1 6 12 15 24
2 2 11 16
1 1 4 22 24
2 3 10 14 17 27
1 2 10 14 19 30
1 3 12 20 21 23
1 7 8 14
1 5 16 47
1 4 9 15 20 26
1 3 17 18 21
2 7 8 10 19 27
1 4 12 24 26 33
2 2 5 11 38 45 47 50
1 3 7 13 18 27 31
2 13 17 21 29 31 35
1 8 14 27 30 37
1 9 12 23 26 28 46
3 3 9 13 18 23 29 46
1 1 6 24 25
1 9 20 21 46
2 4 6 15 22 25 32 33
2 22 24 32 39 41
1 12 15 20 28 33
2 7 14 17 19 31 34 37 44
1 20 26 33 46 48
2 18 21 35 42 46 53
1 2 8 19 36 37 38 40
1 17 18 27 34 35 42 57
2 24 25 33 39 43
2 15 24 26 28 32 43 48 51 52
1 27 31 44 57 58
1 18 29 31 42
1 30 38 40
2 19 27 30 40 44 49 54
2 2 16 30 36 40 49 50 59
1 25 32 41 43
1 30 36 37 38 49
2 25 39 43 55 71
3 29 31 35 53 57
2 32 33 39 41 51 55
1 27 34 37 54 56 58
1 16 47 50 60
1 20 21 23 28 29 48 53 67
1 11 16 45 60
2 28 33 46 52 64 67 80
1 37 38 40 54 59 63
1 16 38 45 59 60 74 79 86
1 33 43 52 55 64
1 33 48 51 64
2 29 42 46 57 67 68 70
1 37 44 49 56 61 62 63
2 41 43 51 64 71
1 44 54 58 61
4 31 34 42 53 58 65 66 70
1 34 44 56 57 61 65
1 38 49 50 63 74
1 45 47 50 73 79
1 54 56 58 62 65
1 54 61 63 65 69 77
1 49 54 59 62 69 74
1 48 51 52 55 71 72 80 85
2 57 58 61 62 66 77 81 84
1 57 65 70 75 84
1 46 48 53 68 76 80
1 53 67 70 75 76 90 101
1 62 63 74 77
1 53 57 66 68 75
1 41 55 64 78 83 85
1 64 80 82 85 87
1 60 79 98
2 50 59 63 69 77 86 89 102 105
1 66 68 70 84 90
2 67 68 80 99 101
1 62 65 69 74 81 95 102
1 71 83 85 88
2 50 60 73 86 91 97 98 100
1 48 64 67 72 76 87 99 104
1 65 77 84 95
1 72 85 87 93
1 71 78 88 92 112
1 65 66 75 81 90 94 95
1 64 71 72 78 82 88 93 108
1 50 74 79 89 91 96
1 72 80 82 93 103 104
1 78 83 85 92 108
1 74 86 96 105 106
1 68 75 84 94 101 109
1 79 86 96 97 107
1 83 88 108 111 112
1 82 85 87 103 108
1 84 90 95 109 121
1 77 81 84 94 102 121
1 86 89 91 106 107 110
1 79 91 100 107
1 73 79 100 122
3 76 80 101 104 114 115 124 137 139
2 79 97 98 107 117 122
2 68 76 90 99 109 115 120
3 74 77 95 105 116 121 134
2 87 93 104 108 118 123
1 80 87 99 103 114 118 124
1 74 89 102 106 113 116
1 89 96 105 110 113 119 125
1 91 96 97 100 110 117 119
1 85 88 92 93 103 111 123
1 90 94 101 120 121
2 96 106 107 119
1 92 108 112 123 132
3 83 92 111 130 132
1 105 106 116 125 128
1 99 104 124
1 99 101 120 133 139
5 102 105 113 127 128 134 144 160
1 100 107 119 122 126
1 103 104 123 124 136
3 106 107 110 117 125 126 135 142
1 101 109 115 121 129 133
1 94 95 102 109 120 129 131 134
2 98 100 117 126 138
1 103 108 111 118 132 136
3 99 104 114 118 136 137 141
1 106 113 119 128 140 142
1 117 119 122 135 138
1 116 128 140 144
1 113 116 125 127 140
1 120 121 131 133 147 148
2 112 132 146 159 167
1 121 129 134 148
2 111 112 123 130 136 146 153
1 115 120 129 139 147
2 102 116 121 131 148 160 164
3 119 126 138 142 143 150 152 158
1 118 123 124 132 141 149 153 161
1 99 124 139 141 145 151
1 122 126 135 143
2 99 115 133 137 147 151
1 125 127 128 142 144 156
1 124 136 137 145 149
2 119 125 135 140 150 155 156 157
2 135 138 152 154
1 116 127 140 156 160
1 137 141 149 151
1 130 132 153 159
1 129 133 139 148 151 162 166 171
3 129 131 134 147 164 166
1 136 141 145 151 161
1 135 142 155 158
1 137 139 145 147 149 161 162 169 180
1 135 143 154 158 163 168
1 132 136 146 159 161 165
1 143 152 163
1 142 150 157 158 170 173
1 140 142 144 157 160 173 174 178 182
1 142 155 156 173
1 135 150 152 155 168 170
1 130 146 153 165 167 181
1 116 134 144 156 164 172 174
1 136 149 151 153 165 169
1 147 151 171 177 180
1 152 154 168 183 185
1 134 148 160 166 172
1 153 159 161 169 176 181
2 147 148 164 171 172 175 184 197
1 130 159 179 181
1 152 158 163 170 185
2 151 161 165 176 180 190
1 155 158 168 173 185 195 196
1 147 162 166 175 177
1 160 164 166 174 186 193 197
1 155 156 157 170 182 196
1 156 160 172 178 186
1 166 171 177 184 188
1 165 169 181 190 194
2 162 171 175 180 188
1 156 174 182 186 187 189
1 167 181 194 200
1 151 162 169 177 190 191
1 159 165 167 176 179 194
1 156 173 178 189 196
1 163 185 199
1 166 175 188 192 197
2 163 168 170 183 195 199
1 172 174 178 187 193
1 178 186 189 193 201
2 175 177 184 191 192 203 205
1 178 182 187 196 201
1 169 176 180 191 194 198 211 214 229
1 180 188 190 198 203
2 184 188 197 204 205 207
1 172 186 187 197 201 202 209
1 176 179 181 190 200 214
1 170 185 196 199 206
1 170 173 182 189 195 201 206 213
1 166 172 184 192 193 202 207 208
1 190 191 203 211
1 183 185 195 206 217
3 179 194 214 219
2 187 189 193 196 209 213 216 228
1 193 197 208 209 218
1 188 191 198 205 210 211
1 192 205 207 212 215
1 188 192 203 204 210 212 220
1 195 196 199 213 217 225 231
2 192 197 204 208 215 221 222
1 197 202 207 218 222
1 193 201 202 216 218
2 203 205 211 220 223
1 190 198 203 210 223 229
1 204 205 215 220
1 196 201 206 224 228 231
2 190 194 200 219 226 229 230
3 204 207 212 220 221
2 201 209 218 227 228 232
2 199 206 225
1 202 208 209 216 227
1 200 214 226
1 205 210 212 215 223
1 207 215 222
1 207 208 221 227
1 210 211 220 229
1 213 228 231
1 206 217 231
2 214 219 230
1 216 218 222 232
1 201 213 216 224 232
1 190 211 214 223 230
1 214 226 229
1 206 213 224 225
1 216 227 228
