238 669 010 1
1 6 9 15
1 5 10 17 28
2 5 12 14
1 13 16 19 23
1 2 3 14 17 22
1 1 7 11 15
1 6 11 20 34
1 9 10 18
3 1 8 15 18 26 30
1 2 8 18 28 31
1 6 7 15 20
1 3 13 14 21 25
1 4 12 19 21
2 3 5 12 22 25 27
2 1 6 9 11 20 24 26
3 4 19 23 40 41 47 51
1 2 5 22 28
1 8 9 10 30 31
1 4 13 16 21 33 38 41
2 7 11 15 24 32 34
1 12 13 19 25 33 46
1 5 14 17 27 28 39
2 4 16 29 40
1 15 20 26 32
1 12 14 21 27 39 46 49
1 9 15 24 30 32 35 48
1 14 22 25 39
1 2 10 17 22 31 36 39
1 23 40
1 9 18 26 31 43 48
1 10 18 28 30 36 42 43 44 50
1 20 24 26 34 35 37
1 19 21 38 46
1 7 20 32 37 66
1 26 32 37 48 60
1 28 31 39 44 45
1 32 34 35 60 66
1 19 33 41 46 52
1 22 25 27 28 36 45 49 54 58 70
1 16 23 29 51 53
1 16 19 38 47 52
2 31 43 50 56 61 62 69
1 30 31 42 48 56 59 63
2 31 36 45 50 54 57
1 36 39 44 54
1 21 25 33 38 49 52 55
2 16 41 51 52 71 77
1 26 30 35 43 59 60 67
1 25 39 46 55 58 65
1 31 42 44 57 62 64
4 16 40 47 53 68 71 76 81
1 38 41 46 47 55 77 80
1 40 51 68 84
2 39 44 45 57 70 85
1 46 49 52 65 73 80 87
2 42 43 61 63 75 78 79
2 44 50 54 64 85 91 93
1 39 49 65 70 73 82
1 43 48 63 67 78
1 35 37 48 66 67 72 74
1 42 56 69 75
1 42 50 64 69 91
2 43 56 59 78
1 50 57 62 91
1 49 55 58 73
1 34 37 60 72 92
1 48 59 60 74 78 88
1 51 53 81 84 89
1 42 61 62 75 86 91
1 39 54 58 82 85
1 47 51 76 77 83
1 60 66 74 90 92
1 55 58 65 82 87 102
1 60 67 72 88 90
1 56 61 69 79 86
2 51 71 81 83 94
3 47 52 71 80 83 87 96 98 115
1 56 59 63 67 79 88 95 97
1 56 75 78 86 95 99
1 52 55 77 87
1 51 68 76 89 94
1 58 70 73 85 101 102
2 71 76 77 94 98 103
1 53 68 89 111
2 54 57 70 82 93 101
1 69 75 79 91 99 100
1 55 73 77 80 96 102
1 67 74 78 90 97 105
1 68 81 84 94 103 111
2 72 74 88 92 105 112
1 57 62 64 69 86 93 100 104 120
1 66 72 90 112 135
1 57 85 91 101 120
1 76 81 83 89 103
1 78 79 97 99 106 116
1 77 87 102 109 115
1 78 88 95 105 106
1 77 83 103 108 110 115
1 79 86 95 100 104 107 116
1 86 91 99 104
1 82 85 93 102 114 117 120
3 73 82 87 96 101 109 117 118
2 83 89 94 98 110 111 129
1 91 99 100 107 113 120
1 88 90 97 106 112 119
1 95 97 105 112 116 119
1 99 104 113 116 122
1 98 110 115 125
1 96 102 115 118 126 131
2 98 103 108 125 129
2 84 89 103 127 129 144
4 90 92 105 106 119 133 135 140
1 104 107 120 122 128
1 101 117 120 124
1 77 96 98 108 109 125 131
1 95 99 106 107 119 122 123
1 101 102 114 118 121 124 134
1 102 109 117 121 126
1 105 106 112 116 123 130 137 140
1 91 93 101 104 113 114 124 128 132 138
1 117 118 126 134 149
1 107 113 116 123 128 136 147
1 116 119 122 130 136
1 114 117 120 134 138
1 108 110 115 129 131 141 143
1 109 118 121 131 149 152
1 111 129 144 154
3 113 120 122 132 139 147
1 103 110 111 125 127 141 154
1 119 123 136 137
1 109 115 125 126 143 146 152
1 120 128 138 139 145 151
1 112 135 140 150
1 117 121 124 138 149 156
2 92 112 133 150 153 158
2 122 123 130 137 142 147 148
1 119 130 136 140 142
1 120 124 132 134 151 156
1 128 132 145 147 155
2 112 119 133 137 142 150 162
1 125 129 143 154
1 136 137 140 148 162
1 125 131 141 146 154 180
1 111 127 154 164 175
1 132 139 151 155 159
1 131 143 152 180
1 122 128 136 139 148 155 161 163
2 136 142 147 162 163
1 121 126 134 152 156 157
1 133 135 140 160 162 167
1 132 138 145 156 159 168 170
1 126 131 146 149 157 172 180
1 135 158
1 127 129 141 143 144 164 180
1 139 145 147 159 161
1 134 138 149 151 157 168
1 149 152 156 168 172
1 135 153 160 165 169
1 145 151 155 161 166 170
1 150 158 165 167 174
1 147 155 159 163 166 171 173 178
3 140 142 148 150 163 167 171 176 179
1 147 148 161 162 171
1 144 154 175 177 180
1 158 160 169 174
1 159 161 170 178
1 150 160 162 174 179 181
1 151 156 157 170 172 182 186
1 158 165 174 187 192
3 151 159 166 168 178 184 186 188
2 161 162 163 173 176
1 152 157 168 180 182 189 193 196
1 161 171 176 178 183 185
1 160 165 167 169 181 187
1 144 164 177 191
2 162 171 173 179 185 201
2 164 175 180 190 191 204
1 161 166 170 173 183 184
1 162 167 176 181 201
1 143 146 152 154 164 172 177 190 193 198
2 167 174 179 187 200 201 208
1 168 172 186 189 195 202
1 173 178 184 185 194 197
1 170 178 183 188 197 199
1 173 176 183 194 201 212
1 168 170 182 188 195
2 169 174 181 192 205 208 215
1 170 184 186 195 199
1 172 182 196 202
1 177 180 198 204
1 175 177 204 207
1 169 187 205
1 172 180 196 198 203 211 214
2 183 185 197 209 212 213
2 182 186 188 199 202 206
1 172 189 193 202 203
1 183 184 194 199 209
1 180 190 193 204 214
1 184 188 195 197 206 209 221
1 181 201 208
3 176 179 181 185 200 208 212 228
1 182 189 195 196 203 206 210
3 193 196 202 210 211 216
1 177 190 191 198 207 214 224 227
1 187 192 215 222
1 195 199 202 210 221 231
1 191 204 227 236
1 181 187 200 201 215 228 237
2 194 197 199 213 221 226
3 202 203 206 216 219 220 231
1 193 203 214 216 217 218
1 185 194 201 213 225 228
1 194 209 212 225 226 234 235
1 193 198 204 211 217 224 230
2 187 205 208 222 229 237
1 203 210 211 218 219 223
1 211 214 218 230 232
1 211 216 217 223 232
2 210 216 220 223 231 232
1 210 219 231
1 199 206 209 226 231 233
1 205 215 229
1 216 218 219 232
1 204 214 227 230 238
2 212 213 228 235
1 209 213 221 233 234
1 204 207 224 236 238
1 201 208 212 225 235 237
1 215 222 237
1 214 217 224 232 238
3 206 210 219 220 221 232 233
2 217 218 219 223 230 231 238
1 221 226 231 234
2 213 226 233 235
1 213 225 228 234
1 207 227 238
1 208 215 228 229
2 224 227 230 232 236
