160 446 010 1
1 2 4 10 13 19
1 1 8 13
1 4 14 22 36
1 1 3 10 14
1 8 9 15 16 17 18 20
1 7 11 21 25
1 6 9 11 12
1 2 5 13 15
1 5 7 12 16
1 1 4 14 19 22
1 6 7 12 23 25 31
1 7 9 11 16 23
2 1 2 8 15 19 27 34
1 3 4 10 22
2 5 8 13 18 24 34
1 5 9 12 17 20 23
1 5 16 20
1 5 15 20 24 29
3 1 10 13 22 26 27 35
1 5 16 17 18 23 29 38
2 6 25 43 54
1 3 10 14 19 28 35 36
3 11 12 16 20 31 38 42 45
1 15 18 29 30 33 34 37
1 6 11 21 31 43
2 19 27 32 35 39
1 13 19 26 34 39 50
1 22 35 36 48
1 18 20 24 30 38 40 51
1 24 29 37 40
1 11 23 25 43 45 46 49
1 26 35 39
1 24 34 37 40 41
1 13 15 24 27 33 41 50
1 19 22 26 28 32 39 48
1 3 22 28 44 48
1 24 30 33 40
1 20 23 29 42 51
3 26 27 32 35 47 48 50 58
1 29 30 33 37 41 51 53
1 33 34 40 50 53
1 23 38 45 51 52 56
1 21 25 31 49 54 62
1 36 48 63
1 23 31 42 46 52 55
1 31 45 49 55 60
1 39 50 58 59 66
1 28 35 36 39 44 58 63
1 31 43 46 60 62
1 27 34 39 41 47 53 59 61
1 29 38 40 42 53 56 57
1 42 45 55 56
1 40 41 50 51 57 61
1 21 43 62 78
1 45 46 52 56 60 64 73 77
1 42 51 52 55 57 70 75 77
2 51 53 56 61 65 70
1 39 47 48 63 66 71
1 47 50 61 66 72 76
1 46 49 55 62 64 69
1 50 53 57 59 65 72
1 43 49 54 60 67 69 78
1 44 48 58 68 71 87
1 55 60 69 73 74 80
1 57 61 70 72 88
1 47 58 59 71 76 81 93
1 62 69 74 78 83
1 63 87 94 106
1 60 62 64 67 74
1 56 57 65 75 88 90 92
1 58 63 66 87 93
1 59 61 65 76 79 85 88
1 55 64 77 80
1 64 67 69 80 82 83
1 56 70 77 89 90 95
1 59 66 72 79 81 84
1 55 56 73 75 80 86 89
1 54 62 67 83 98
1 72 76 84 85
2 64 73 74 77 82 86 91
1 66 76 84 93 101
1 74 80 83 91 108
1 67 74 78 82 98 108 109
1 76 79 81 85 99 101
2 72 79 84 88 99
1 77 80 89 91 96
1 63 68 71 93 94
1 65 70 72 85 92 97 99
1 75 77 86 95 96
2 70 75 92 95 100 104 107
1 80 82 86 96 103 108
1 70 88 90 97 100
1 66 71 81 87 94 101
1 68 87 93 101 105 106
1 75 89 90 96 107 111
1 86 89 91 95 103 111
1 88 92 99 100 102
1 78 83 109 121
1 84 85 88 97 101 102 119
2 90 92 97 102 104 110
3 81 84 93 94 99 105 113 116 119
2 97 99 100 110 114 115 119
1 91 96 108 111 118 125
2 90 100 107 110 112
1 94 101 106 116 117
1 68 94 105 117 123
1 90 95 104 111 112 120
1 82 83 91 103 109 118
1 83 98 108 118 121
1 100 102 104 112 115 122
1 95 96 103 107 120 124 125
1 104 107 110 120 122
1 101 116 119 127
1 102 115 119 126 133
1 102 110 114 122 128 133
1 101 105 113 117 123 127 129 131 135
1 105 106 116 123
2 103 108 109 121 125 134 136 137
1 99 101 102 113 114 126 127
1 107 111 112 122 124 128 149 150
1 98 109 118 137 139
2 110 112 115 120 128
1 106 116 117 131 135
1 111 120 125 132 149
2 103 111 118 124 132 134
2 114 119 127 129 130 133 140
1 113 116 119 126 129
2 115 120 122 133 143 150 153
2 116 126 127 135 140 141
1 126 133 138 140
2 116 123 135 142
1 124 125 134 145 148 149
1 114 115 126 128 130 138 143 144
2 118 125 132 136 145 147
1 116 123 129 131 141 142 151
1 118 134 137 147
1 118 121 136 139 147 156
2 130 133 140 144 152 160
1 121 137 156
1 126 129 130 138 141 152
1 129 135 140 151 152
1 131 135 146 151
1 128 133 144 153 159
2 133 138 143 159 160
1 132 134 147 148 155
1 142 151 154
1 134 136 137 145 155 156
1 132 145 149 155 157 158
1 120 124 132 148 150 157
1 120 128 149 153 157
1 135 141 142 146 152 154 160
1 138 140 141 151 160
1 128 143 150 157 159
1 146 151 160
2 145 147 148 156 158
1 137 139 147 155
2 148 149 150 153 158 159
1 148 155 157
1 143 144 153 157
1 138 144 151 152 154
