238 667 010 1
1 5 10 12
1 3 13 16
1 2 4 13 15 25
1 3 7 15 18
1 1 11 12 14 26
1 10 17
2 4 8 18 19
1 7 9 19 24
1 8 11 24
1 1 6 12 17 26 32
1 5 9 14 20 24
1 1 5 10 26
1 2 3 16 22 25
1 5 11 20 26 30 36
2 3 4 18 25 27 28
2 2 13 22 31
1 6 10 21 32 39
1 4 7 15 19 23 27 33 35
1 7 8 18 23 24 33
1 11 14 24 29 30
1 17 34 39
2 13 16 25 31 37 40
1 18 19 33
1 8 9 11 19 20 29 33 38
2 3 13 15 22 28 37 42 46
2 5 10 12 14 32 36 43 50
1 15 18 28 35
1 15 25 27 35 46
1 20 24 30 38 44
2 14 20 29 36 41 44
1 16 22 40 51
1 10 17 26 39 45 50
2 18 19 23 24 35 38 49 59
1 21 39 48
1 18 27 28 33 46 59
1 14 26 30 41 43 52 57
1 22 25 40 42 53
1 24 29 33 44 49 55 61
1 17 21 32 34 45 48 56
1 22 31 37 51 53 60
2 30 36 44 47 52
2 25 37 46 53 58
1 26 36 50 54 57
2 29 30 38 41 47 55
1 32 39 50 56
3 25 28 35 42 58 59 70
3 41 44 52 55 67 76
1 34 39 56 63
1 33 38 59 61 62 66
1 26 32 43 45 54 56 69 72 79
2 31 40 60 64
1 36 41 47 57 67
1 37 40 42 58 60 65
1 43 50 57 68 69
1 38 44 47 61 76 78
1 39 45 48 50 63 79
1 36 43 52 54 67 68
1 42 46 53 65 70 74
1 33 35 46 49 66 70 75
2 40 51 53 64 65 73
1 38 49 55 62 71 78
1 49 61 66 71 82
1 48 56 79 87
1 51 60 73 97
1 53 58 60 73 74 80
1 49 59 62 75 83 84
1 47 52 57 68 76 77
1 54 57 67 69 77
1 50 54 68 72 77
3 46 58 59 74 75 90 93
1 61 62 78 81 82 85
3 50 69 77 79 86 88 101
1 60 64 65 80 97
1 58 65 70 80 89 93
1 59 66 70 84 90
2 47 55 67 77 78 85 92 98
1 67 68 69 72 76 88 98
1 55 61 71 76 85
1 50 56 63 72 86 87 94 96
1 65 73 74 89 97
1 71 82 85 95 99
1 62 71 81 83 91 99
1 66 82 84 91
2 66 75 83 90 91 111
1 71 76 78 81 92 95
1 72 79 94 101 108
1 63 79 96 100 106
1 72 77 98 101
1 74 80 93 97 107
1 70 75 84 93 111 115 122
1 82 83 84 99 102 111
2 76 85 95 98 109 119
1 70 74 89 90 107 115
1 79 86 96 108 112
1 81 85 92 99 119 123
1 79 87 94 100 112
2 64 73 80 89 104 105 107
1 76 77 88 92 101 103 109
2 81 82 91 95 102 123 131
1 87 96 106 112 116
1 72 86 88 98 103 108 110
1 91 99 111 118 126 131
1 98 101 109 110 117 121
1 97 105 113 114
1 97 104 107 114
1 87 100 116 139 148
1 89 93 97 105 114 115 124 125
1 86 94 101 110 112 132
1 92 98 103 119 121
1 101 103 108 117 132 134
1 84 90 91 102 118 122 136
1 94 96 100 108 116 127 132 138
1 104 114 120 130
1 104 105 107 113 120 124 128
1 90 93 107 122 125
1 100 106 112 127 139
1 103 110 121 134
1 102 111 126 136
1 92 95 109 121 123 129
1 113 114 128 130
1 103 109 117 119 129 134 135 145
2 90 111 115 125 136 137 142
1 95 99 119 129 131 133
2 107 114 125 128 140
2 107 115 122 124 140 142 143 150
1 102 118 131 136
1 112 116 138 139
1 114 120 124 130 140
1 119 121 123 133 135 141
3 113 120 128 140 156 164
2 99 102 123 126 133 136 141 146 147
1 108 110 112 134 138 144 149
1 123 129 131 141
1 110 117 121 132 145 149 152
1 121 129 141 145 151 153
1 111 118 122 126 131 137 142 146 155
1 122 136 142
1 112 127 132 139 144 157
1 106 116 127 138 148 157
1 124 125 128 130 143 156
1 129 131 133 135 147 153 154 161
1 122 125 136 137 150 155 167
1 125 140 150 156 158
1 132 138 149 157 159
1 121 134 135 151 152 162 169
2 131 136 147 155 168
3 131 141 146 154 161 168 174
1 106 139 157 160 166
1 132 134 144 152 159 163
1 125 142 143 158 167 184
1 135 145 153 162
1 134 145 149 163 169
1 135 141 151 161 162 171
1 141 147 161
1 136 142 146 167 168
1 130 140 143 158 164 165
1 138 139 144 148 159 160 166 170
1 143 150 156 165 175 180 184
1 144 149 157 163 170 172
1 148 157 166
2 141 147 153 154 171 174 176
1 145 151 153 169 171 173
1 149 152 159 169 172 178
1 130 156 165 175 194
1 156 158 164 175
1 148 157 160 170 182 213
1 142 150 155 168 177 184
2 146 147 155 167 174 177 183
2 145 152 162 163 173 178 181 190
3 157 159 166 172 179 182
1 153 161 162 173 176 181
1 159 163 170 178 179
1 162 169 171 181
1 147 161 168 176 183 185 188 193
1 158 164 165 180 191 194
1 161 171 174 181 185 192 199
2 167 168 183 184 187 195
1 163 169 172 179 186 190
2 170 172 178 182 186 197 200
1 158 175 184 191 196 205
1 169 171 173 176 189 190 199
1 166 170 179 200 208 212 213
1 168 174 177 188 195
1 150 158 167 177 180 187 196 198 204
1 174 176 192 193 202
1 178 179 190 197
1 177 184 195 204
2 174 183 193 195
3 181 190 199 203 207 210
2 169 178 181 186 189 197 203 209
1 175 180 194 201 205
1 176 185 199 202 214
2 174 185 188 195 202 225
1 164 175 191 201 222
1 177 183 187 188 193 204 219 225
1 180 184 198 205 206
1 179 186 190 200 209 211
1 184 196 204 206
1 176 181 189 192 207 214
1 179 182 197 208 211
1 191 194 205 221 222
1 185 192 193 214 225
1 189 190 209 210
2 184 187 195 198 206 219 220
1 180 191 196 201 206 220 221
1 196 198 204 205 220
1 189 199 210 214 216
2 182 200 211 212 217 218
2 190 197 203 210 211 215 223 228
3 189 203 207 209 216 228 232 238
1 197 200 208 209 215 218
1 182 208 213 217
1 166 182 212 217 227
1 192 199 202 207 216 225 230
1 209 211 218 223
1 207 210 214 230 238
1 208 212 213 218 227 229
1 208 211 215 217 223 226 229
2 195 204 220 225 231 233 236 237
1 204 205 206 219 221 224 231
2 201 205 220 222 224 231 235
2 194 201 221 235
1 209 215 218 226 228
1 220 221 231
3 193 195 202 214 219 230 233
1 218 223 228 229 234
1 213 217 229 234
6 209 210 223 226 232 234
1 217 218 226 227 234
4 214 216 225 238
1 219 220 221 224 235 237
1 210 228 238
1 219 225 236
1 226 227 228 229
1 221 222 231 237
1 219 233 237
1 219 231 235 236
1 210 216 230 232
