236 664 010 1
1 2 3 14 20
1 1 14 21
1 1 12 17 20
1 5 9 10 11 24
2 4 6 8 11 19 22
1 5 8 15 35
2 9 12 13 16
1 5 6 15 19 34
1 4 7 10 13 18
1 4 9 18 24
1 4 5 22 24 27 30
1 3 7 16 17 25
2 7 9 16 18 25 26 37 42
1 1 2 20 21 23
1 6 8 34 35 39
1 7 12 13 25
1 3 12 20 25 31
2 9 10 13 24 26
1 5 8 22 32 34
1 1 3 14 17 23 28 29 31
1 2 14 23 36 43
1 5 11 19 30 32
1 14 20 21 28 36
1 4 10 11 18 26 27
2 12 13 16 17 31 37 44
1 13 18 24 27 33 38 42
1 11 24 26 30 33
1 20 23 29 36
2 20 28 31 36 41
1 11 22 27 32 33 40 61
4 17 20 25 29 41 44 49 55
1 19 22 30 34 40
1 26 27 30 38 61
1 8 15 19 32 39 40 45 48
1 6 15 39 47
1 21 23 28 29 41 43 59
2 13 25 42 44 46
1 26 33 42 52 58 61
1 15 34 35 47 48 51 60
4 30 32 34 45 54 56 61
3 29 31 36 55 59 62
2 13 26 37 38 46 50 52 53 65
1 21 36 57 59 66
2 25 31 37 46 49 64 65
1 34 40 48 56 63
1 37 42 44 65
1 35 39 51 60 69
1 34 39 45 60 63
1 31 44 55 64
1 42 53 65
1 39 47 60 69
1 38 42 53 58
2 42 50 52 58 65 72 81
2 40 56 61 63 67 71
1 31 41 49 62 64 68
1 40 45 54 63
1 43 59 66 73
1 38 52 53 61 72 74
1 36 41 43 57 62 73
1 39 47 48 51 63 69 83
2 30 33 38 40 54 58 67 70 74
1 41 55 59 68 73 79 80 97
1 45 48 54 56 60 71 83 89 91
1 44 49 55 65 68 75
2 42 44 46 50 53 64 75 82
1 43 57 73 77
1 54 61 70 71 76
1 55 62 64 75 80
1 47 51 60 83 85
1 61 67 74 76 84
2 54 63 67 76 90 91 93
1 53 58 74 78 81
1 57 59 62 66 77 79
2 58 61 70 72 78 84 87 94
1 64 65 68 80 82 92 101
1 67 70 71 84 90
1 66 73 79 102
2 72 74 81 86 87 100 104
1 62 73 77 97 102 107
1 62 68 75 88 92 97
1 53 72 78 82 86
1 65 75 81 86 101 106
1 60 63 69 85 89 103
1 70 74 76 90 94 95
2 69 83 96 103
1 78 81 82 100 106
1 74 78 94 98 104
3 80 92 97 105 110 111
1 63 83 91 103 109
1 71 76 84 93 95
1 63 71 89 93 99 109
1 75 80 88 101 105
1 71 90 91 95 99
1 74 84 87 95 98 119
2 84 90 93 94 99 108 119 120
1 85 103 116 121
2 62 79 80 88 107 110 115
1 87 94 104 113 119 127
1 91 93 95 108 109
1 78 86 104 106 112 113
3 75 82 92 105 106 112 118 123
1 77 79 107 134
1 83 85 89 96 109 116 121
1 78 87 98 100 113
1 88 92 101 111 117 118
1 82 86 100 101 112
2 79 97 102 115 130 134
1 95 99 109 114 120 122
1 89 91 99 103 108 116 122
2 88 97 111 115 131 138
1 88 105 110 117 131
1 100 101 106 113 123 126
1 98 100 104 112 126 127 135
1 108 120 122 125
1 97 107 110 130 138
1 96 103 109 121 122 132 143
1 105 111 118 128 131
1 101 105 117 123 128 129
1 94 95 98 120 124 127 139
1 95 108 114 119 124 125
2 96 103 116 143 150
1 108 109 114 116 125 132 137 142
1 101 112 118 126 129 133
1 119 120 125 139 146
1 114 120 122 124 137 146
1 112 113 123 133 135 140
1 98 113 119 135 139 141
5 117 118 129 131 136 144 149 155
1 118 123 128 133 144
1 107 115 134 138 156
1 110 111 117 128 136 138
1 116 122 142 143
1 123 126 129 140 144
2 102 107 130 152 156 159
1 113 126 127 140 141 145 148
1 128 131 138 149
1 122 125 142 146 147
1 110 115 130 131 136 149 156
2 119 124 127 141 146 158
1 126 133 135 144 145 163 164
1 127 135 139 148 158 167
1 122 132 137 143 147 151
1 116 121 132 142 150 151 153 154
1 128 129 133 140 155 164
1 135 140 148 163
1 124 125 137 139 147 158
1 137 142 146 151 158 162
1 135 141 145 163 167
2 128 136 138 155 156 160 170
1 121 143 154 157
1 142 143 147 153 162
2 134 156 159 175
1 143 151 154 162 171 174
2 143 150 153 157 161 171 174
3 128 144 149 160 164 165 169
1 130 134 138 149 152 170 175
1 150 154 161
2 139 141 146 147 162 167 168 180
2 134 152 175 176 181
1 149 155 165 166 170
2 154 157 171 189
3 147 151 153 158 174 180 187 193
1 140 145 148 164 167 172 173 178 179
1 140 144 155 163 169 177 179
1 155 160 166 169 177 192
2 160 165 170 184 192
1 141 148 158 163 168 172 182 190
1 158 167 180 186 190
1 155 164 165 177 192
1 149 156 160 166 175 184 188
1 153 154 161 174 183 189
1 163 167 178 182
1 163 178 179 191
1 153 154 162 171 183 193
2 152 156 159 170 181 188
2 159 181 202
3 164 165 169 179 185 192 194 205
1 163 172 173 182 191
1 163 164 173 177 185 191 194
1 158 162 168 186 187 195
1 159 175 176 188 200 202 203
1 167 172 178 190 191
2 171 174 189 193 198
1 166 170 188 192
1 177 179 194
1 168 180 190 195 212 223
1 162 180 193 195 196
1 170 175 181 184 192 200
1 161 171 183 198 207
2 167 168 182 186 191 210 223
2 173 178 179 182 190 194 197 210
4 165 166 169 177 184 188 201 204 205 211
1 162 174 183 187 196 198 213
1 177 179 185 191 197 199 205
1 180 186 187 196 212
1 187 193 195 212 213
1 191 194 199 206 210
1 183 189 193 207 213 217 218
1 194 197 205 206 208
2 181 188 201 203 209 214 226
1 192 200 209 211 219 220
1 176 181 203 215 216
1 181 200 202 214 215
1 192 205 211
3 177 192 194 199 204 208 211 225
1 197 199 208 210 229
1 189 198 217 222
1 199 205 206 225 229 234
1 200 201 219 226 227
2 190 191 197 206 223 229 232
1 192 201 204 205 220 225
1 186 195 196 213 221 223 224
1 193 196 198 212 218 224 230
3 200 203 215 226 233 236
1 202 203 214 216 236
1 202 215 236
1 198 207 218 222 228
1 198 213 217 228 230
1 201 209 220 227 231 233
1 201 211 219 225 231
1 212 223 224 230
1 207 217
1 186 190 210 212 221 232
2 212 213 221 230
2 205 208 211 220 231 234
1 200 209 214 227 233
1 209 219 226 233
2 217 218 230
2 206 208 210 232 234 235
1 213 218 221 224 228
1 219 220 225 233
1 210 223 229 235
2 214 219 226 227 231 236
1 208 225 229 235
1 229 232 234
1 214 215 216 233
