142 384 010 1
1 10 13 23 28
1 3 6 12 24
1 2 4 12 24
2 3 5 12 15
1 4 8 15 16 19
1 2 24
1 9 10 14 18
1 5 11 19 20
1 7 11 14 20 33
1 1 7 18 26 28
1 8 9 20
1 2 3 4 15 24 25 31 34
1 1 17 23
1 7 9 18 33
1 4 5 12 16 25
1 5 15 19 22 25
1 13 21 23
1 7 10 14 26 30 33
1 5 8 16 20 22 29
1 8 9 11 19 29 33 44 47 49
2 17 23 27
1 16 19 25 29
1 1 13 17 21 27 28 32
1 2 3 6 12 34 42
1 12 15 16 22 29 31
1 10 18 28 30 35
1 21 23 32 46
1 1 10 23 26 32 35 36
1 19 20 22 25 31 40 47
1 18 26 33 35 43 52
1 12 25 29 34 37 38 40
1 23 27 28 36 46 51
1 9 14 18 20 30 43 44
1 12 24 31 37 41 42
1 26 28 30 36 39 52
3 28 32 35 39 45 51
1 31 34 38 41
1 31 37 40 41 48 60
1 35 36 45 52
1 29 31 38 47 58 60
2 34 37 38 42 48
1 24 34 41 48 53 54
1 30 33 44 52 62 63 65
2 20 33 43 49 55 62
1 36 39 50 51 52
2 27 32 51 59 69 71
1 20 29 40 49 56 58 61
1 38 41 42 54 60
1 20 44 47 55 56
1 45 51 52 57
2 32 36 45 46 50 57 59
1 30 35 39 43 45 50 57 63 64 72 73
1 42 54 66
2 42 48 53 60 66 67
1 44 49 56 62 70 74
2 47 49 55 61 74 76
2 50 51 52 59 64 68
1 40 47 60 61 75
1 46 51 57 68 69
1 38 40 48 54 58 67 75
1 47 56 58 75 76
1 43 44 55 65 70
1 43 52 65 73 77
1 52 57 68 72 78
1 43 62 63 70 77
2 53 54 67 79
1 54 60 66 75 79 80 91
1 57 59 64 69 78
1 46 59 68 71 78 87
1 55 62 65 74 82 83
1 46 69 87
1 52 64 73 77 78
1 52 63 72 77
1 55 56 70 76 81 83 84
1 58 60 61 67 76 80
1 56 61 74 75 80 81
1 63 65 72 73 78 82 85 88
1 64 68 69 72 77 85 87 94 97
3 66 67 86 91
1 67 75 76 81 91
1 74 76 80 84 91 96 100 102
1 70 77 83 88 92
2 70 74 82 84 92 95
1 74 81 83 95 96
1 77 78 88 93 97
1 79 90 91
1 69 71 78 89 94 98
1 77 82 85 92 93
1 87 98 103
1 86 91 115
2 67 79 80 81 86 90 100 112 115
1 82 83 88 93 95 109
1 85 88 92 97 99 109
1 78 87 97 98 101 104 110
1 83 84 92 96 108 109
1 81 84 95 102 107 108 113
1 78 85 93 94 99 101 105 106
1 87 89 94 103 104
1 93 97 105 109
1 81 91 102 107 112
1 94 97 106 110
1 81 96 100 107
1 89 98 104 121
1 94 98 103 110 120 121
2 97 99 106 109 111 114
1 97 101 105 110 111 118
1 96 100 102 112 113 116 117 119
1 95 96 109 113 114
1 92 93 95 99 105 108 114
1 94 101 104 106 118 120
1 105 106 114 118 123
1 91 100 107 115 119 122
2 96 107 108 114 117 128 136
1 105 108 109 111 113 123 136
1 90 91 112 122 131
1 107 117 119 126 130
1 107 113 116 128 130
2 106 110 111 120 123 124 127
1 107 112 116 122 126
2 104 110 118 121 124 125 132 134
1 103 104 120 125 133
1 112 115 119 126 129 131 135
1 111 114 118 127 136 139
1 118 120 127 132
1 120 121 133 134
1 116 119 122 130 135 142
1 118 123 124 132 139 140
2 113 117 130 136 142
1 122 131 135 137
1 116 117 126 128 142
1 115 122 129 137 138
1 120 124 127 134 140 141
1 121 125 134 141
2 120 125 132 133 141
2 122 126 129 137 138 142
2 113 114 123 128 139
2 129 131 135 138
1 131 135 137
2 123 127 136 140
1 127 132 139 141
1 132 133 134 140
1 126 128 130 135
