195 539 010 1
1 7 8 13 14 15 18 20
1 6 10 21
2 5 11 17
1 12 19
1 3 9 17 31 34 37
1 2 7 10 24
1 1 6 13 23 24 29
1 1 9 14 22 26
1 5 8 26 34 38
1 2 6 21 24
1 3 16 17 25 27
1 4 16 19 41 45
1 1 7 20 23
1 1 8 18 22
1 1 18 20 36
1 11 12 25 45
1 3 5 11 27 31 35
1 1 14 15 22 32 36
1 4 12 41
1 1 13 15 23 33 36
1 2 10 24 28
1 8 14 18 26 30 32
1 7 13 20 29 33
1 6 7 10 21 28 29 48
2 11 16 27 39 45 46
1 8 9 22 30 38
2 11 17 25 35 39
1 21 24 48 50
1 7 23 24 33 48 58
1 22 26 32 38 42 43
1 5 17 35 37 40
1 18 22 30 36 43 44
1 20 23 29 36 51 58
1 5 9 37 38 47 53
1 17 27 31 39 40 49
1 15 18 20 32 33 44 51
1 5 31 34 40 53
1 9 26 30 34 42 47
1 25 27 35 46 49
1 31 35 37 49 53 59 60
1 12 19 45 67 68
1 30 38 43 47 71
1 30 32 42 44 55 71
2 32 36 43 51 52 55
2 12 16 25 41 46 57 62 67
1 25 39 45 49 57
1 34 38 42 53 64 71
1 24 28 29 50 54 58
1 35 39 40 46 57 60 72
1 28 48 54 56
2 33 36 44 52 58 66
1 44 51 55 66
1 34 37 40 47 59 64
1 48 50 56 58 61 65
1 43 44 52 66 71 77 82
1 50 54 61 65
1 45 46 49 62 63 72
2 29 33 48 51 54 65 66 70
1 40 53 60 64 76
1 40 49 59 72 76 83
1 54 56 65 69 75 90
1 45 57 63 67 68 73
1 57 62 72 73
1 47 53 59 71 74 76
1 54 56 58 61 69 70 75 78
1 51 52 55 58 70 82
1 41 45 62 68
4 41 62 67 73 85
1 61 65 75
2 58 65 66 78 82 95 105
3 42 43 47 55 64 74 77 79 81
1 49 57 60 63 73 83 84
1 62 63 68 72 84 85 88 92
1 64 71 76 80 81
1 61 65 69 78 90
1 59 60 64 74 80 83 87
1 55 71 79 82 86
1 65 70 75 90 95 101 104
1 71 77 81 86 89 93 106
1 74 76 81 87
1 71 74 79 80 87 93
1 55 66 70 77 86 89 100 105
2 60 72 76 84 87 88 97 98 102 103
1 72 73 83 88
1 68 73 91 92
1 77 79 82 89
1 76 80 81 83 93 94 98
2 73 83 84 92 97
1 79 82 86 100 106 108
1 61 75 78 96 101
1 85 92 99 109 110
1 73 85 88 91 97 99
1 79 81 87 94 106 115
1 87 93 98 115 124
1 70 78 104 105 111
1 90 101 116
1 83 88 92 99 103 107 114
1 83 87 94 102 124
1 91 92 97 110 114
1 82 89 105 108 112 113 117
1 78 90 96 104 111 116
1 83 98 103 122 124
1 83 97 102 107 122
1 78 95 101 111
1 70 82 95 100 111 112
1 79 89 93 108 113 115 119 121
1 97 103 114 118 122
1 89 100 106 113
1 91 110 125
1 91 99 109 114 125
1 95 101 104 105 112 116 126 130
1 100 105 111 117 123 126 128
1 100 106 108 117 119
1 97 99 107 110 118 125 135
1 93 94 106 120 121 124
1 96 101 111 127 130 136
1 100 112 113 119 123 133
1 107 114 122 135
1 106 113 117 121 131 133 137
1 115 121 124 129 131 132
1 106 115 119 120 131
1 102 103 107 118 124 135 139
1 112 117 128 133
1 94 98 102 115 120 122 129 139
1 109 110 114 135 148 149 150
1 111 112 128 130 134
1 116 136 142
1 112 123 126 133 134 144 152
2 120 124 132 139 158
1 111 116 126 134 136 146
1 119 120 121 132 137 138
3 120 129 131 138 155 158
1 117 119 123 128 137 141 144 145
2 126 128 130 146 152 153
1 114 118 122 125 139 140 148
1 116 127 130 142 146
1 119 131 133 138 141 143
1 131 132 137 143 155
1 122 124 129 135 140 151 158
1 135 139 148 151 156 168
2 133 137 143 145 147 160
1 127 136 146 157 159
1 137 138 141 155 160 161
2 128 133 145 152 154
1 133 141 144 147 154
2 130 134 136 142 153 157
1 141 145 154 160 163
1 125 135 140 150 156
1 125 150 165
1 125 148 149 156 164 165
1 139 140 158 162 168
1 128 134 144 153 154 163 166
1 134 146 152 157 166
1 144 145 147 152 163
2 132 138 143 158 161 172
1 140 148 150 164 168
1 142 146 153 159 166 175 183 187
1 129 132 139 151 155 162 167 172
1 142 157 187 191
1 141 143 147 161 163 174 176
1 143 155 160 172 174
1 151 158 167 168 169 170
1 147 152 154 160 166 171 176
2 150 156 165 168 178 181 188
1 149 150 164 178 184
1 152 153 157 163 171 173 175
1 158 162 169 172 185 186
1 140 151 156 162 164 170 181
1 162 167 170 186
1 162 168 169 181 186 193
1 163 166 173 176 180
1 155 158 161 167 174 179 185
1 166 171 175 177 180
2 160 161 172 176 179 189
1 157 166 173 177 182 183
1 160 163 171 174 180 189
1 173 175 180 182
1 164 165 184 188
1 172 174 185 189 190 195
2 171 173 176 177 182 189
1 164 168 170 188 192 193
1 175 177 180 183 194
1 157 175 182 187 194
1 165 178 188
1 167 172 179 186 190
1 167 169 170 185 190 193
1 157 159 183 191 194
1 164 178 181 184 192
1 174 176 179 180 195
3 179 185 186 193 195
1 159 187
1 181 188 193
1 170 181 186 190 192
1 182 183 187
1 179 189 190
