257 714 010 1
1 3 6 14 16
1 12 18 28 29
4 1 9 16 20 31 40
1 5 9 13 21
1 4 10 13
1 1 8 14 26
1 10 12 17
1 6 11 15 26 27
1 3 4 20 21
1 5 7 13 17 22 25
1 8 15 19
2 2 7 17 24 29
1 4 5 10 21 25
1 1 6 16 23 26 30
1 8 11 19 27 34
1 1 3 14 23 31
1 7 10 12 22 24 35
1 2 28
1 11 15 33 34
1 3 9 21 32 40
2 4 9 13 20 25 32
1 10 17 25 35 44 50 55
1 14 16 30 31 36
1 12 17 29 35 37
1 10 13 21 22 32 43 50
1 6 8 14 27 30 38 42
1 8 15 26 34 38
1 2 18 29 46 56 58
1 2 12 24 28 37 46
1 14 23 26 36 41 42
2 3 16 23 36 40 51 53 60
1 20 21 25 40 43
1 19 34 39
1 15 19 27 33 38 39
1 17 22 24 37 44 47
1 23 30 31 41
1 24 29 35 46 47
2 26 27 34 39 42 45
3 33 34 38 45 48 86
2 3 20 31 32 43 53 63 74
1 30 36 42 60 62
1 26 30 38 41 45 49 62
1 25 32 40 50 64 74
1 22 35 47 55 57
1 38 39 42 48 49 54
1 28 29 37 47 52 56 65
1 35 37 44 46 52 57 61
1 39 45 54 72 86
1 42 45 54 62 67 69 75
1 22 25 43 55 64 66 73
1 31 53 60 68
1 46 47 59 61 65
1 31 40 51 63 68
1 45 48 49 67 72
1 22 44 50 57 73
1 28 46 58 65
1 44 47 55 61 73 89
2 28 56 65 70
1 52 61 65 87
2 31 41 51 62 68 79 82
2 47 52 57 59 85 87 93
1 41 42 49 60 69 82
1 40 53 68 71 74 81
1 43 50 66 74 77 92
1 46 52 56 58 59 70 87
1 50 64 73 77
1 49 54 72 75 78
1 51 53 60 63 79 81 83
1 49 62 75 76 82 88
1 58 65 80 87
1 63 74 81
1 48 54 67 78 84 86
3 50 55 57 66 77 89 101
1 40 43 63 64 71 81 92 95
2 49 67 69 76 78 88 105
1 69 75 88
1 64 66 73 92 101
1 67 72 75 84 105
1 60 68 82 83 91 99
1 70 87 100 116
1 63 68 71 74 83 90 95 103 106
1 60 62 69 79 88 99
1 68 79 81 90 91
1 72 78 86 97
1 61 89 93 94
1 39 48 72 84 97 98
1 59 61 65 70 80 93 96 100
1 69 75 76 82 99 105 107 112
1 57 73 85 94 101
1 81 83 91 102 103
1 79 83 90 99 102 110
1 64 74 77 95 101 104 124
1 61 85 87 94 96 111
3 85 89 93 101 111 117 122
1 74 81 92 104 106 108
1 87 93 100 111
1 84 86 98 105 109
1 86 97 118
3 79 82 88 91 107 110 115
1 80 87 96 111 116 123
3 73 77 89 92 94 113 122 124
1 90 91 103 110 114
1 81 90 102 106 114
1 92 95 108 124 125 128
1 75 78 88 97 109 112 119 120
1 81 95 103 108 114 132 135
2 88 99 112 115 120 127
1 95 104 106 125 132
1 97 105 118 119
2 91 99 102 114 115 121
1 93 94 96 100 117 123
1 88 105 107 120
1 101 122 124 138
1 102 103 106 110 121 129 135
3 99 107 110 121 127
1 80 100 123 139
1 94 111 122 123 133
1 98 109 119 131
2 105 109 118 120 126 131 137
2 105 107 112 119 126 127 130
1 110 114 115 127 129 140
3 94 101 113 117 133 136 138 142
3 100 111 116 117 133 139 149 150
1 92 101 104 113 128 138
2 104 108 128 132 141
1 119 120 130 137 144
2 107 115 120 121 130 134 140 146
1 104 124 125 138 141
1 114 121 135 140 145
1 120 126 127 134 144
2 118 119 137 143 155
1 106 108 125 135 141 151
1 117 122 123 136 149
1 127 130 144 146 156 157
1 106 114 129 132 145 148 151
1 122 133 142 149 158 165
1 119 126 131 143 144 154
3 113 122 124 128 141 142 147 152 162
1 116 123 150
1 121 127 129 145 146 153
1 125 128 132 138 151 152
1 122 136 138 162 164
1 131 137 154 155
1 126 130 134 137 154 157 159
1 129 135 140 148 153
1 127 134 140 153 156 175 176
1 138 152 162 167
2 135 145 151 153 161 172 182
1 123 133 136 150 158 160 171
1 123 139 149 160
2 132 135 141 148 152 161 168
1 138 141 147 151 167 168
2 140 145 146 148 174 175 182
1 137 143 144 155 159 163
1 131 143 154 163 166
1 134 146 157 169 176
3 134 144 156 159 169
1 136 149 165 171
1 144 154 157 163 169 184 189
1 149 150 171 173 181
1 148 151 168 172
1 138 142 147 164 167 170 179
1 154 155 159 166 188 189
1 142 162 165 170 177
1 136 158 164 171 177 195
1 155 163 188 197
2 147 152 162 168 178 179
1 151 152 161 167 172 178
1 156 157 159 176 184 194
1 162 164 177 179 180
1 149 158 160 165 181 193 195 206
1 148 161 168 178 182 186
1 160 181 200
1 153 175 182 185 192
1 146 153 174 176 185
2 146 156 169 175 185 187 194
1 164 165 170 180 195
1 167 168 172 179 183 186 190 199
1 162 167 170 178 180 198 199
1 170 177 179 195 198
3 160 171 173 191 193 200
1 148 153 172 174 186 192 196 203
1 178 186 190
1 159 169 189 194 204 210
2 174 175 176 187 192 201 205
1 172 178 182 183 190 196
1 176 185 194 201
1 163 166 189 197 202
2 159 163 184 188 202 204
2 178 183 186 196 199 207 214
1 181 193 200 211
1 174 182 185 203 205
1 171 181 191 206 211 215
1 169 176 184 187 201 210
1 165 171 177 180 198 206 213 219
1 182 186 190 203 214 216
1 166 188 202 208 220 235
1 179 180 195 199 212 213 218
1 178 179 190 198 207 212
1 173 181 191 211
5 185 187 194 205 209 210 222 231 236
1 188 189 197 204 208
3 182 192 196 205 209 216 231 232 234
2 184 189 202 208 210 217
1 185 192 201 203 209
1 171 193 195 215 219
1 190 199 212 214 223
1 197 202 204 217 220 225
1 201 203 205 231
1 184 194 201 204 217 222 227
1 191 193 200 215 226
1 198 199 207 218 223 224
1 195 198 218 219 229 243
1 190 196 207 216 221
1 193 206 211 219 226 229
1 196 203 214 221 234
1 204 208 210 225 227
1 198 212 213 224 230 243
1 195 206 213 215 229
2 197 208 225 235 237 248
1 214 216 223 228 234 245
1 201 210 227 233 236
1 207 212 221 224 228 230 239
1 212 218 223 230
1 208 217 220 227 237
1 211 215 229 241 246
2 210 217 222 225 233 237 238 249
1 221 223 239 245
4 213 215 219 226 243 246 247 251 253
1 218 223 224 239 243 255
1 201 203 209 232 236 240 242
2 203 231 234 240 244 254
1 222 227 236 238 250
1 203 216 221 232 245 254
1 197 220 248
1 201 222 231 233 242 250
1 220 225 227 248 249
1 227 233 249 250 256
1 223 228 230 245 255
1 231 232 242 244 250 254
1 226 246 252
1 231 236 240 250
1 213 218 229 230 251 255
1 232 240 254
1 221 228 234 239 254 255
1 226 229 241 252 253 257
1 229 251 253
1 220 235 237 249 256
1 227 237 238 248 256
1 233 236 238 240 242 256
1 229 243 247 253 255
1 241 246 257
2 229 246 247 251 257
1 232 234 240 244 245
1 230 239 243 245 251
1 238 248 249 250
1 246 252 253
