136 368 010 1
1 2 10 12
1 1 4 10 21
1 7 9 11 28
1 2 7 17 21
1 8 14 18 20
2 9 19 22
2 3 4 11 15 17
1 5 12 14 16
1 3 6 22 28 35
1 1 2 12 13 21
1 3 7 15 23 28
1 1 8 10 13 16 27
1 10 12 21 27 42
1 5 8 16 20 25
1 7 11 17 23 26
1 8 12 14 25 27
1 4 7 15 21 26
1 5 20 32 38
1 6 22 24 31
3 5 14 18 25 32 36
2 2 4 10 13 17 26 34 42
1 6 9 19 31 35 44
1 11 15 26 28 30
1 19 29 31 33
1 14 16 20 27 36
1 15 17 21 23 30 34
1 12 13 16 25 36 39 42
1 3 9 11 23 30 35 37
1 24 33 40
2 23 26 28 34 37 45 46
1 19 22 24 33 40 43 44 54
1 18 20 36 38 41 47
1 24 29 31 40
1 21 26 30 42 45
1 9 22 28 37 44 48
1 20 25 27 32 39 47
1 28 30 35 46 48
1 18 32 41 50
1 27 36 42 47 49 52
1 29 31 33 43
1 32 38 47 50 51
1 13 21 27 34 39 45 49 57
1 31 40 54 58
1 22 31 35 48 54 56
1 30 34 42 46 53 55 57
1 30 37 45 48 55
1 32 36 39 41 51 52 64
2 35 37 44 46 55 56 59 61
1 39 42 52 57 63
1 38 41 51 69 72
1 41 47 50 64 69
1 39 47 49 63 64
1 45 55 57 60
1 31 43 44 56 58 61 65
1 45 46 48 53 59 60
1 44 48 54 61
1 42 45 49 53 60 63
2 43 54 65
1 48 55 60 61 62
1 53 55 57 59 62 63 68
1 48 54 56 59 62 65 66 67
1 59 60 61 67 68 70
1 49 52 57 60 64 68 71 78
1 47 51 52 63 69 71 74
1 54 58 61 66 77 81 82
1 61 65 67 77
1 61 62 66 70 73 77
1 60 62 63 70 75 78 86
1 50 51 64 72 74 76 83 85
1 62 67 68 73 75 87
1 63 64 74 78 79 80
1 50 69 76
1 67 70 77 87 97
2 64 69 71 79 83
1 68 70 84 86 87 89
1 69 72 85 100
1 65 66 67 73 82 88 91 97
1 63 68 71 80 86 92
1 71 74 80 83 93 98
1 71 78 79 92 98
1 65 82 95 99
2 65 77 81 88 90 95
1 69 74 79 85 93
1 75 86 89 101
2 69 76 83 93 100 103
1 68 75 78 84 92 96 101
1 70 73 75 89 97 107 109 112
1 77 82 90 91 94
1 75 84 87 101 109
1 82 88 94 95 104
1 77 88 94 97
1 78 80 86 96 98 113 116
1 79 83 85 98 102 103
1 88 90 91 97 104
1 81 82 90 99 104 106
1 86 92 101 116 118
1 73 77 87 91 94 104 107
1 79 80 92 93 102 108 113
1 81 95 106
1 76 85 103 110 114
1 84 86 89 96 109 118
1 93 98 103 105 108
1 85 93 100 102 105 110 111
1 90 94 95 97 106 107 119
1 102 103 108 111
1 95 99 104 119 129
1 87 97 104 112 119 123
1 98 102 105 111 113 117
1 87 89 101 112 118 122 126
1 100 103 111 114 115
1 103 105 108 110 115 117
2 87 107 109 122 123 127
1 92 98 108 116 117 121
1 100 110 115 124 128
1 110 111 114 117 124
1 92 96 113 118 120 121 125
1 108 111 113 115 121 124 134 135
1 96 101 109 116 120 126
1 104 106 107 123 129
1 116 118 125 126 130
1 113 116 117 125 134
1 109 112 126 127
1 107 112 119 127 129 132
1 114 115 117 128 133 135
1 116 120 121 130 134 136
2 109 118 120 122 127 130 131
2 112 122 123 126 131 132
1 114 124 133
1 106 119 123 132
2 120 125 126 131 136
1 126 127 130
1 123 127 129
1 124 128 135
1 117 121 125 135 136
1 117 124 133 134
1 125 130 134
