239 671 010 1
2 6 19 21 22 27
1 4 12 14 16
1 9 10 11 17
1 2 10 14
3 8 12 20 24
1 1 7 19
1 6 11 18 19 23 25
3 5 13 24 26
1 3 10 15 17 28
1 3 4 9 14 15
1 3 7 17 18
1 2 5 16 20
1 8 26
1 2 4 10 15 16 33 35
1 9 10 14 28 35 42
1 2 12 14 20 32 33
1 3 9 11 18 28
1 7 11 17 23 28 30 36 37
1 1 6 7 25 27 31
1 5 12 16 24 32 38
1 1 22 29 47
1 1 21 27 29 34 44
1 7 18 25 30 39
1 5 8 20 26 43
1 7 19 23 31 39 45
1 8 13 24 40 43 46
1 1 19 22 31 44
1 9 15 17 18 37 42 49
1 21 22 34 47
1 18 23 36 39 41
1 19 25 27 44 45
1 16 20 33 38 51
1 14 16 32 35 51 52 53
1 22 29 44 47 55
1 14 15 33 42 48 52
1 18 30 37 41 50 63
1 18 28 36 49 50
2 20 32 43 51 62 64
1 23 25 30 41 45 58 59
1 26 46 61
1 30 36 39 58 63
1 15 28 35 48 49 54 56
1 24 26 38 46 64 65
2 22 27 31 34 45 55 60 70 75
1 25 31 39 44 59 60
1 26 40 43 61 65
1 21 29 34 55
1 35 42 52 54 57
2 28 37 42 50 56 79
1 36 37 49 63 79
3 32 33 38 53 62
1 33 35 48 53 57 67 73
1 33 51 52 62 73 80
1 42 48 56 57 69
1 34 44 47 66 75
1 42 49 54 69 78 79
1 48 52 54 67 69
1 39 41 59 63 68
1 39 45 58 60 68 72 76
1 44 45 59 70 72
1 40 46 65 74 84
2 38 51 53 64 71 80 87
1 36 41 50 58 68 77 79 83
1 38 43 62 65 71 81
1 43 46 61 64 74 81
1 55 75 82
2 52 57 69 73 80 85 93
1 58 59 63 76 77
1 54 56 57 67 78 85
1 44 60 72 75 100 106
1 62 64 81 87
1 59 60 70 76 94
1 52 53 67 80
2 61 65 81 84 89
1 44 55 66 70 82 88 100
1 59 68 72 77 94
1 63 68 76 83 94 95
1 56 69 79 85
2 49 50 56 63 78 83 85 86 90 92 96
4 53 62 67 73 87 91 93 103 111
1 64 65 71 74 87 89 113 118
2 66 75 88
1 63 77 79 86 95 98 105
1 61 74 89
1 67 69 78 79 92 93
1 79 83 90 105
1 62 71 80 81 91 115 118
1 75 82 99 100
5 74 81 84 113 122 131
2 79 86 96 105
1 80 87 111 115 117
1 79 85 93 96 97 102
1 67 80 85 92 102 103 107
1 72 76 77 95 101 106
1 77 83 94 98 101 110
2 79 90 92 97 105 112
1 92 96 102 108 112
1 83 95 105 110 116 125
2 88 100 119 141
1 70 75 88 99 104 106 119
1 94 95 106 109 110
1 92 93 97 107 108
1 80 93 107 111
1 100 106 114 119
1 83 86 90 96 98 112 121 125
1 70 94 100 101 104 109 114
1 93 102 103 108 111 120
2 97 102 107 112 120 126
1 101 106 110 114 129 133
1 95 98 101 109 116 124 133
1 80 91 103 107 117 120 127 128 130
2 96 97 105 108 121 126 132
1 81 89 118 122 123 131
1 104 106 109 119 129
2 87 91 117 118 123 130 135 146
1 98 110 124 125
1 91 111 115 130
1 81 87 113 115 123
1 99 100 104 114 129 140 141
2 107 108 111 126 127 134 139 142
1 105 112 125 132
1 89 113 123 131
2 113 115 118 122 131 135
2 110 116 125 133 138 148
1 98 105 116 121 124 132 148
2 108 112 120 132 134 137
1 111 120 128 139
2 111 127 130 139 147 151
3 109 114 119 133 136 140 162
1 111 115 117 128 146 147
1 89 113 122 123 135 143
1 112 121 125 126 137 148 156
1 109 110 124 129 136 138 144
1 120 126 137 142 145
1 115 123 131 143 146 152 153
1 129 133 144 162
1 126 132 134 145 156 159
1 124 133 144 148 154 157
1 120 127 128 142 150 151 165
1 119 129 141 162
2 99 119 140 162 170 179
1 120 134 139 145 150
1 131 135 149 153 158
1 133 136 138 157 162 164
1 134 137 142 150 159
1 115 130 135 147 152 155 160
1 128 130 146 151 155
1 124 125 132 138 154 156 163
1 143 158 167
1 139 142 145 159 165 169
1 128 139 147 155 165 166
1 135 146 153 160 161
1 135 143 152 158 161 167 171 178
2 138 148 157 163 164 176 177
1 146 147 151 160 166
1 132 137 148 159 163 168 174
1 138 144 154 164
1 143 149 153 167
1 137 145 150 156 168 169
1 146 152 155 161 166 171
1 152 153 160 171
1 129 136 140 141 144 164 170 172 175
1 148 154 156 174 177
3 144 154 157 162 175 176
2 139 150 151 166 169 173 180
2 151 155 160 165 171 173 181
1 149 153 158 178 189 193
1 156 159 169 174 182
1 150 159 165 168 180 182
1 141 162 172 179 184 187
1 153 160 161 166 178 181
1 162 170 175 187
1 165 166 180 181 185
1 156 163 168 177 182 183
2 162 164 172 176 187 205 206
2 154 164 175 177 190 201 205
1 154 163 174 176 183 190 198
2 153 167 171 181 189 192 197 200
1 141 170 184 194
3 165 169 173 182 185 186 191 196 202
2 166 171 173 178 185 195 200
1 168 169 174 180 183 186 188 203
1 174 177 182 198 203
1 170 179 187 194 204
1 173 180 181 195 199 202
1 180 182 188 191
1 170 172 175 184 204 206 208
1 182 186 191 203 207 210
1 167 178 192 193 213
1 176 177 198 201
1 180 186 188 196 209 210
1 178 189 197 212 213
1 167 189 213 222 233
2 179 184 204 219 223
1 181 185 199 200 214
1 180 191 202 209
1 178 192 200 212
1 177 183 190 201 203 211 215
1 185 195 202 214 216
1 178 181 195 197 212 214
2 176 190 198 205 215 217
2 180 185 196 199 209 216 224
1 182 183 188 198 207 211
1 184 187 194 208 219
1 175 176 201 206 217 221 229
1 175 187 205 208 221 229
1 188 203 210 211 225
1 187 204 206 219 221
1 191 196 202 210 218 220 224
1 188 191 207 209 220 225 227
1 198 203 207 215 225 238
2 192 197 200 213 214 232 235
1 189 192 193 212 222 235
1 195 199 200 212 216 226 232
1 198 201 211 217 236 238
3 199 202 214 224 226 237
1 201 205 215 229 236
1 209 220 224 228
1 194 204 208 221 223 230 234
2 209 210 218 227 228
1 205 206 208 219 229 230 231
1 193 213 233 235
1 194 219 234 239
1 202 209 216 218 228 237
1 207 210 211 227 238
2 214 216 232 237
1 210 220 225 228 238
2 218 220 224 227 237 238
1 205 206 217 221 231 236
1 219 221 231 234 236
1 221 229 230 236
1 212 214 226 235 237
2 193 222 235
2 219 223 230 239
2 212 213 222 232 233
1 215 217 229 230 231 238
1 216 224 226 228 232
1 211 215 225 227 228 236
1 223 234
