262 732 010 1
1 6 7 8 17
1 3 11 24 28 34
1 2 11 12 13 18
1 9 14
1 8 9 10 22
1 1 8 16 17 20
1 1 15 17 21
1 1 5 6 16 22
2 4 5 10 14 25 30 41 47
1 5 9 22 25
1 2 3 18 28
1 3 13 18 23 29
1 3 12 19 23
1 4 9 30 42 48
1 7 21 24 26 31
1 6 8 20 22 27
1 1 6 7 20 21 32 35
1 3 11 12 29 36
2 13 23 38 40
1 6 16 17 27 32
1 7 15 17 26 35
1 5 8 10 16 25 27 45
1 12 13 19 29 38
1 2 15 31 33 34
1 9 10 22 41 45 50
1 15 21 31 35 54
1 16 20 22 32 39 45
2 2 11 34 36 43 61 70
1 12 18 23 36 37 38
1 9 14 42 47 49
1 15 24 26 33 44 54
1 17 20 27 35 39 52
1 24 31 34 43 44
1 2 24 28 33 43
1 17 21 26 32 52 54
2 18 28 29 37 46 58 61
1 29 36 38 46
1 19 23 29 37 40 46 56 67
1 27 32 45 52 53
1 19 38 51 56
1 9 25 47 50 55
1 14 30 48 49 57
1 28 33 34 44 62 70 82
1 31 33 43 54 62 63
2 22 25 27 39 50 53 64
1 36 37 38 58 67
4 9 30 41 49 55 57 60 65
1 14 42 57 75
1 30 42 47 57
1 25 41 45 55 64
1 40 56 59
2 32 35 39 53 54 73 77
1 39 45 52 64 68 72 73
2 26 31 35 44 52 63 66 77
1 41 47 50 60 64 71
1 38 40 51 59 67 76
1 42 47 48 49 65 69 75
1 36 46 61 67 79 85
2 51 56 76
1 47 55 65 71
1 28 36 58 70 79
1 43 44 63 74 82 83
1 44 54 62 66 74 77
1 45 50 53 55 71 72 87
1 47 57 60 69 71 78 80
1 54 63 77
1 38 46 56 58 76 85 86
1 53 72 73 84
5 57 65 75 78 80 97 113 128
1 28 43 61 79 81 82
1 55 60 64 65 80 87
1 53 64 68 84 87 91 92
1 52 53 68 77 84 89
1 62 63 77 83
1 48 57 69
1 56 59 67 86
2 52 54 63 66 73 74 83 88 89
1 65 69 80
1 58 61 70 81 85
1 65 69 71 78 87 97
2 70 79 82 85 95 102 104
1 43 62 70 81 83 93 102
1 62 74 77 82 88 93 94 96
1 68 72 73 89 90 92
1 58 67 79 81 86 95 98
1 67 76 85 98 100
1 64 71 72 80 91 97 105
1 77 83 89 96 99
2 73 77 84 88 90 99 103
1 84 89 92 101 103 111
1 72 87 92 101 105 108
1 72 84 90 91 101
1 82 83 94 102 112
1 83 93 96 107 112
1 81 85 98 104 106 114 116
1 83 88 94 99 107
1 69 80 87 105 113
2 85 86 95 100 106
1 88 89 96 103 107
1 86 98 106 115
1 90 91 92 108 111 130
2 81 82 93 104 109 110 112
1 89 90 99 107 111 118
1 81 95 102 109 114 117
1 87 91 97 108 113 121 123
1 95 98 100 115 116 122
1 94 96 99 103 112 118 120 124
1 91 101 105 123 130
2 102 104 110 117 134
2 102 109 112 127 134
1 90 101 103 118 119 130
1 93 94 102 107 110 120 126 127
1 69 97 105 121 128
1 95 104 116 117 135
1 100 106 122 149
1 95 106 114 122 135 137
1 104 109 114 134 135
1 103 107 111 119 124 125 129
1 111 118 125 130 131
1 107 112 124 126
1 105 113 123 128 133 138
1 106 115 116 137 149
1 105 108 121 130 132 138 140 150
1 107 118 120 126 129 139 146
1 118 119 129 131 136 141
1 112 120 124 127 139
1 110 112 126 134 139 144
1 69 113 121 133 145
1 118 124 125 136 146
1 101 108 111 119 123 131 132
2 119 125 130 132 141 143
1 123 130 131 140 143
1 121 128 138 145 147
1 109 110 117 127 135 142 144 165
1 114 116 117 134 137 142 151
1 125 129 141 146
1 116 122 135 149 151 157 158
1 121 123 133 147 150 153 155
1 124 126 127 144 146 148
1 123 132 143 150 156 162
1 125 131 136 143 146 164
1 134 135 151 160 165
1 131 132 140 141 156 164
1 127 134 139 148 161 165
1 128 133 147 152 163
4 124 129 136 139 141 148 154 164 172
1 133 138 145 153 163
1 139 144 146 154 161
1 115 122 137 158 159
1 123 138 140 155 162
1 135 137 142 157 160
1 145 163 177
1 138 147 155 163 167
2 146 148 161 169 172 176 180
1 138 150 153 162 167 168
1 140 143 162 164 173
1 137 151 158 160 170 174
1 137 149 157 159 171 174
1 149 158 171 195
1 142 151 157 165 166 170
1 144 148 154 165 169 175 178
1 140 150 155 156 168 173
3 145 147 152 153 167 177 185 188 189
1 141 143 146 156 172 173 184
1 134 142 144 160 161 166 175 179
1 160 165 170 179 181
2 153 155 163 168 185
1 155 162 167 173 185 192 199
1 154 161 176 178
1 157 160 166 174 181 183
1 158 159 174 195 196
1 146 154 164 180 182 184
4 156 162 164 168 184 190 192
3 157 158 170 171 183 186 196 198
1 161 165 178 179 191
1 154 169 178 180
1 152 163 188
2 161 169 175 176 180 191 202
1 165 166 175 181 191 194 205
2 154 172 176 178 182 193 202
1 166 170 179 183 187 194
1 172 180 184 193 197
1 170 174 181 186 187
1 164 172 173 182 190 197
2 163 167 168 189 199 203 204 207
3 174 183 187 198 200 209 214
1 181 183 186 194 200
2 163 177 189 201 211 212 219
1 163 185 188 201 203
1 173 184 192 197 210 215 228
1 175 178 179 202 205 222 226
1 168 173 190 199 210
1 180 182 197 202 213 220
1 179 181 187 200 205 206
1 159 171 196 208
1 171 174 195 198 208 209
1 182 184 190 193 220 228
1 174 186 196 209
1 168 185 192 207 210 221
1 186 187 194 206 214
1 188 189 203 212
1 178 180 191 193 213 222
2 185 189 201 204 207 212 217
1 185 203 207
2 179 191 194 206 218 226 239
1 194 200 205 214 218
1 185 199 203 204 217 221
1 195 196 209 216
1 186 196 198 208 214 216 223 224
2 190 192 199 215 221 229
1 188 212 219
1 188 201 203 211 217 219 230 236
1 193 202 220 222
1 186 200 206 209 218 223 237
1 190 210 228 229 233
1 208 209 224 225
1 203 207 212 221 227 230
1 205 206 214 235 237 239
1 188 211 212 236 246
1 193 197 213 222 228 231 232
1 199 207 210 217 227 229
1 191 202 213 220 226 232 245
1 209 214 224 237 238
1 209 216 223 225 238
1 216 224 238 243
1 191 205 222 239 245 256
2 217 221 229 230 240 250
1 190 197 215 220 231 233 234 241
1 210 215 221 227 233 250 253
1 212 217 227 236 240
1 220 228 232 234 244
1 220 222 231 244 245
2 215 228 229 241 252 253
2 228 231 241 244 254 255
1 218 237 239 242 247
1 212 219 230 240 246 259
1 214 218 223 235 238 247 251
1 223 224 225 237 243 248 251
1 205 218 226 235 242 249
1 227 230 236 250 258 259
1 228 233 234 252 255
1 235 239 247 249 257 262
1 225 238 248
1 231 232 234 245 254 260
1 222 226 232 244 256 260
1 219 236 259
1 235 237 242 251 257 261
2 238 243 251 261
2 239 242 256 262
1 227 229 240 253 258
1 237 238 247 248 261
1 233 241 253 255
1 229 233 250 252 258
3 234 244 255 260
2 234 241 252 254
1 226 245 249 260
1 242 247 261 262
1 240 250 253 259
1 236 240 246 258
1 244 245 254 256
1 247 248 251 257 262
1 242 249 257 261
