182 505 010 1
1 5 6 13
1 3 7 10 11
3 2 11 14 22 23 24
1 8 9 16
2 1 8 12 13 20
1 1 13 14 18
1 2 10 15 21 32
1 4 5 12 16
1 4 16 17
1 2 7 11 15 19
1 2 3 10 19 22 28
2 5 8 16 20 25
1 1 5 6 18 20 39
2 3 6 18 23 29 34
1 7 10 19 21
1 4 8 9 12 17 25 26
1 9 16 26 27
1 6 13 14 29 36 39
1 10 11 15 21 28 33
1 5 12 13 25 39 42
1 7 15 19 32 33 35 37
2 3 11 24 28
1 3 14 24 31 34
1 3 22 23 28 31 50
2 12 16 20 26 38 42 43
1 16 17 25 27 30 38
1 17 26 30
2 11 19 22 24 33 47 50 51
1 14 18 34 36
1 26 27 38 46 49
1 23 24 34 41 50
1 7 21 37
1 19 21 28 35 51 58
1 14 23 29 31 36 41
1 21 33 37 58
1 18 29 34 39 40 41 48
3 21 32 35 58 76
1 25 26 30 43 46 55
1 13 18 20 36 40 42 45 53 57
1 36 39 48 57
1 31 34 36 48 50 54
1 20 25 39 43 44 45
1 25 38 42 44 55 56
1 42 43 45 52 56
1 39 42 44 52 53
1 30 38 49 55 67
1 28 50 51 59
1 36 40 41 54 57 60 61
1 30 46 67 77
1 24 28 31 41 47 54 59 64 66
1 28 33 47 58 59
1 44 45 53 56 62 73 81
1 39 45 52 57 62
3 41 48 50 60 65 66
1 38 43 46 56 67
1 43 44 52 55 67 73 81
1 39 40 48 53 61 62
2 33 35 37 51 59 63 68 76
1 47 50 51 58 63 64 69
1 48 54 61 65 71 78
1 48 57 60 62 70 78
1 52 53 57 61 70 74 81
1 58 59 68 69 72
2 50 59 66 69 80 83
1 54 60 66 71 79
1 50 54 64 65 79 83
1 46 49 55 56 73 77 86
1 58 63 72 75 76 82
1 59 63 64 72 80 87 90
1 61 62 74 78 84
1 60 65 78 79
1 63 68 69 82 87
1 52 56 67 81 86 88
1 62 70 81 84 92
2 68 76 82 85
1 37 58 68 75 85 95
1 49 67 86 99
2 60 61 70 71 79 84 89 91 93
1 65 66 71 78 83 89
1 64 69 83 90 97
2 52 56 62 73 74 88 92 96
2 68 72 75 85 87 106
1 64 66 79 80 89 94 97
2 70 74 78 91 92 93
1 75 76 82 95 106 107
1 67 73 77 88 99 100
1 69 72 82 90 106
1 73 81 86 96 100
1 78 79 83 93 94 98 102
1 69 80 87 97 106 108
1 78 84 93
1 74 81 84 93 96 111 112
1 78 84 89 91 92 102 111
1 83 89 97 98 101
1 76 85 107
1 81 88 92 100 104 112 121
1 80 83 90 94 101 105 108
1 89 94 101 102 103
1 77 86 100 104 116 137
1 86 88 96 99 104
1 94 97 98 103 105 114
1 89 93 98 103 111 113 117
1 98 101 102 113 114
2 96 99 100 116 121
1 97 101 108 114 119
1 82 85 87 90 107 108 109 110 115
1 85 95 106 115 122 128
1 90 97 105 106 109 119 125
1 106 108 110 123 125 132
1 106 109 115 123
1 92 93 102 112 117 120
1 92 96 111 120 121
1 102 103 114 117 118 127 129 139
1 101 103 105 113 118 119 126
2 106 107 110 123 128
1 99 104 121 124 137
2 102 111 113 120 129 130 134
1 113 114 126 127
1 105 108 114 125 126 135
1 111 112 117 121 133 134 144 148
1 96 104 112 116 120 124 133
2 107 128 136
2 109 110 115 128 132 138
1 116 121 133 137
1 108 109 119 132 135 143
1 114 118 119 127 131 135
1 113 118 126 131 139 145 147
1 107 115 122 123 136 138 146
1 113 117 130 139 142
1 117 129 134 142
1 126 127 135 140 145
1 109 123 125 138 143 149 155
2 120 121 124 137 141 148 150
1 117 120 130 142 144
1 119 125 126 131 140 143
1 122 128 146 151
1 99 116 124 133 150 160
1 123 128 132 146 149
2 113 127 129 142 147 157 162
1 131 135 143 145
1 133 148 150 153
1 129 130 134 139 144 154 162
1 125 132 135 140 145 155 158 159
1 120 134 142 148 154
2 127 131 140 143 147 156 158 165
1 128 136 138 149 151 152
2 127 139 145 156 157
1 120 133 141 144 153 154
2 132 138 146 152 155 163
1 133 137 141 153 160 166 175 176
1 136 146 152 170 171
1 146 149 151 163 170
1 141 148 150 154 161 172 176
1 142 144 148 153 161 162
1 132 143 149 159 163 167 169
1 145 147 157 164 165
1 139 147 156 162 164 174 177 179
1 143 145 159 165 168
1 143 155 158 167 168
2 137 150 166 178
1 153 154 162 172 180
1 139 142 154 157 161 179 180
1 149 152 155 169 170
1 156 157 165 173 174
1 145 156 158 164 168 173
1 150 160 175 178
2 155 159 168 169 181
1 158 159 165 167 173 181
1 155 163 167 170 181
1 151 152 163 169 171
1 151 170
1 153 161 176 180 182
1 164 165 168 174 181
2 157 164 173 177
1 150 166 176 178
1 150 153 172 175 182
1 157 174 179
1 160 166 175
1 157 162 177 180
1 161 162 172 179 182
1 167 168 169 173
1 172 176 180
