235 656 010 1
1 8 18 19 21 23 27
1 4 9 11
1 6 7 10 12
1 2 5 11 14 17
2 4 13 17
2 3 12 15 23
2 3 10 16 24 32
1 1 9 19 20
1 2 8 11 14 20 26
1 3 7 12 16 22
1 2 4 9 14
1 3 6 10 15 22
1 5 17 25 48
1 4 9 11 17 26
1 6 12 22 23 28 31
1 7 10 22 24
3 4 5 13 14 25 26 29 40
1 1 19 21 30
3 1 8 18 20 30 35 36
1 8 9 19 26 36
1 1 18 27 30 37
1 10 12 15 16 24 28 38
1 1 6 15 27 31 39
1 7 16 22 32 38 41
2 13 17 34 40 48
1 9 14 17 20 29 33 36
1 1 21 23 37 39
2 15 22 31 38 43 44
1 17 26 33 40 45
1 18 19 21 35 37 46 47
2 15 23 28 39 43
1 7 24 41
1 26 29 36 45
1 25 40 48 54 62
1 19 30 36 42 46
1 19 20 26 33 35 42 45
4 21 27 30 39 47 49 50
1 22 24 28 41 44 56
1 23 27 31 37 43 49 51
2 17 25 29 34 45 60 62 63
3 24 32 38 56 59 69
1 35 36 45 46 57
2 28 31 39 44 51 53 55
1 28 38 43 53 56
1 29 33 36 40 42 57 60 64
1 30 35 42 47 52 57 58
1 30 37 46 50 52
2 13 25 34 54 67 79
1 37 39 50 51 65 68
1 37 47 49 52 61 65
2 39 43 49 55 68 71
1 46 47 50 58 61 70 77
1 43 44 55 56 72 75
1 34 48 62 67
1 43 51 53 71 75 85
1 38 41 44 53 59 66 72 74
2 42 45 46 58 64 70 83 84
1 46 52 57 70
2 41 56 66 69 73 78
1 40 45 63 64 84 91
1 50 52 65 77 81
1 34 40 54 63 67 79 87
2 40 60 62 87 91
1 45 57 60 84
2 49 50 61 68 81 85 88
1 56 59 74 78
1 48 54 62 79
1 49 51 65 71 85
1 41 59 73 78 94
1 52 57 58 76 77 83
1 51 55 68 85
1 53 56 74 75 80 82
1 59 69 78
1 56 66 72 78 80 92
1 53 55 72 82 85
2 70 77 83 98
2 52 61 70 76 81 95 98
1 59 66 69 73 74 92 94
1 48 62 67 86 87
1 72 74 82 92 93 97
2 61 65 77 88 90 95
1 72 75 80 85 97 102 107
2 57 70 76 84 89 98
1 57 60 64 83 89 91 96 108 109 110
7 55 65 68 71 75 82 88 100 101 102
2 79 87 103 104
4 62 63 79 86 91 103 108 115
2 65 81 85 90 100
1 83 84 96
1 81 88 95 100
1 60 63 84 87 108
1 74 78 80 93 94 99 106
1 80 92 97 99
1 69 78 92 106 116 134
1 77 81 90 98 100 105
1 84 89 98 109 112
1 80 82 93 99 107 114
1 76 77 83 95 96 105 112
2 92 93 97 106 111 114
4 85 88 90 95 101 105 117 119 124
1 85 100 102 113 117
2 82 85 101 107 113 118
1 86 87 104 115 120 123
1 86 103 123
1 95 98 100 112 119
1 92 94 99 111 116
1 82 97 102 114 118
1 84 87 91 110 115
2 84 96 110 112 122 125
1 84 108 109 115 122
1 99 106 114 116 128
2 96 98 105 109 119 125 126 136
1 101 102 117 118 121 129
1 97 99 107 111 118 128 130
2 87 103 108 110 120 122 135
1 94 106 111 128 134 139
1 100 101 113 121 124 127
1 102 107 113 114 129 130
2 100 105 112 124 126 131
1 103 115 123 132 135
1 113 117 127 129 145 152
1 109 110 115 125 135 140 143
1 103 104 120 132 133
1 100 117 119 127 131
1 109 112 122 136 140
1 112 119 131 136 137
1 117 121 124 131 141 145
2 111 114 116 130 138 139 149
1 113 118 121 130 138 152 155 159
1 114 118 128 129 138
1 119 124 126 127 137 141
1 120 123 133 135 142
1 123 132 142 146 151
1 94 116 139 144
1 115 120 122 132 142 143 148
3 112 125 126 137 140 147 153 157 177
1 126 131 136 141 147
1 128 129 130 149 154 155
1 116 128 134 144 149 150
2 122 125 136 143 157 158
1 127 131 137 145 147 153 161
1 132 133 135 148 151 160
1 122 135 140 148 158
1 134 139 150 166
1 121 127 141 152 161 172
1 133 151 156
1 136 137 141 153
1 135 142 143 158 160 167
1 128 138 139 150 154 168
1 139 144 149 166 168
1 133 142 146 156 160 169 175
1 121 129 145 159 165 172
1 136 141 147 161 162 177
1 138 149 155 168 171
1 129 138 154 159 164 171
1 146 151 169
1 136 140 158 163 170 177
1 140 143 148 157 167 170
2 129 152 155 164 165
1 142 148 151 167 174 175
1 141 145 153 162 172 183 185
1 153 161 177 185 187
1 157 170 176 177
1 155 159 165 171 173
1 152 159 164 172 173 178 181 186
1 144 150 168 179 180
1 148 158 160 170 174 189
2 149 150 154 166 171 180 182 184
1 151 156 175 191 201 202
1 157 158 163 167 176 189
1 154 155 164 168 173 184
2 145 152 161 165 178 183 186
1 164 165 171 181 184
1 160 167 175 189 192
2 151 160 169 174 191 192
1 163 170 177 189
3 136 153 157 162 163 176 187 189 196 203
1 165 172 186
1 166 180 188 190
2 166 168 179 182 188 197 208
1 165 173 186 193 195
1 168 180 184 197
1 161 172 185 186 194 207
1 168 171 173 182 193 197
1 161 162 183 187 194
1 165 172 178 181 183 195 198 207
5 162 177 185 194 203 205 222
1 179 180 190 206 208
1 167 170 174 176 177 192 196
1 179 188 206 211
1 169 175 192 201
2 174 175 189 191 196 201 209 214 219
1 181 184 195 197 200 204
1 183 185 187 207 222
1 181 186 193 198 199 204
1 177 189 192 203 209 217 220 223
1 180 182 184 193 200 208 212
1 186 195 199 207 210 213
2 195 198 204 210 225
2 193 197 204 212 224 225
1 169 191 192 202 214
1 169 201 214 230
1 177 187 196 205 215 217
1 193 195 199 200 225
2 187 203 215 222
1 188 190 208 211 226
1 183 186 194 198 213 216 221 222
1 180 188 197 206 212 226
1 192 196 219 220 227 229
1 198 199 213 218 225
1 190 206 226
1 197 200 208 224 226
1 198 207 210 216 218
2 192 201 202 219 227 230
1 203 205 217 222 228
3 207 213 218 221 234
1 196 203 215 223 228 231
1 210 213 216 225 232 234
1 192 209 214 227
1 196 209 223 229 231
2 207 216 222 228
1 187 194 205 207 215 221 228
1 196 217 220 231
1 200 212 225 226 233
1 199 200 204 210 218 224 232 233 235
1 206 208 211 212 224 233
1 209 214 219 229
2 215 217 221 222 231
1 209 220 227 231
1 202 214
1 217 220 223 228 229
1 218 225 234 235
1 224 225 226 235
1 216 218 232
1 225 232 233
