201 557 010 1
2 2 7 14 23
1 1 5 14 16 24
2 8 10 11
1 9 10 22
2 2 12 16
2 7 8 13 18 26
3 1 6 23 26
1 3 6 11 13 15 19
1 4 22
4 3 4 11 20 21 22 27
1 3 8 10 19 21
1 5 16 29
2 6 8 15 17 18 25
2 1 2 23 24 28
1 8 13 17 19 30 34
3 2 5 12 24 29 31
1 13 15 25 34
1 6 13 25 26
1 8 11 15 21 30
1 10 21 27 30
1 10 11 19 20 30
1 4 9 10 27 33 39 47
1 1 7 14 26 28 32 37 38 40
1 2 14 16 28 31
2 13 17 18 26 34 46 48
2 6 7 18 23 25 32 36 48
2 10 20 22 30 33 35
1 14 23 24 31 40 41
1 12 16 31 41 58
1 15 19 20 21 27 34 35 42 49
1 16 24 28 29 41
1 23 26 36 37
1 22 27 35 47 50
1 15 17 25 30 46 49 51
1 27 30 33 42 50
1 26 32 37 45 48 52
1 23 32 36 38 45
2 23 37 40 45 56
1 22 43 44 47
1 23 28 38 41 53 56 57
1 28 29 31 40 57 58 62
1 30 35 49 50 54 55
1 39 44 60 69
2 39 43 47 50 60
1 36 37 38 52 56
1 25 34 48 51 66
1 22 33 39 44 50
2 25 26 36 46 52 59 64 66
1 30 34 42 51 54
3 33 35 42 44 47 55 60 65 67
1 34 46 49 54 66
1 36 45 48 56 59 68
1 40 56 57 61 63
1 42 49 51 55 65 66 79
2 42 50 54 65
1 38 40 45 52 53 63 68 72
1 40 41 53 61 62
1 29 41 62 100
1 48 52 64 68 71
2 43 44 50 67 69
1 53 57 62 63 73 78 88
1 41 57 58 61 73 100
1 53 56 61 72 75
1 48 59 66 70 71 74
4 50 54 55 67 79 86 92
2 46 48 51 54 64 70 77 79
3 50 60 65 69 80 89
1 52 56 59 71 72 76
1 43 60 67 80 85
1 64 66 74 77
1 59 64 68 74 76 81 83
1 56 63 68 75 76 82 84
1 61 62 78 99 100
1 64 70 71 77 83
1 63 72 84 88
1 68 71 72 81 82
1 66 70 74 79 83 97 98
1 61 73 87 88 95 99
1 54 65 66 77 92 94 97
1 67 69 85 89 93
1 71 76 82 83 90 91
1 72 76 81 84 91
1 71 74 77 81 90 98
1 72 75 82 88 91 96 101 106
2 69 80 93 102 108
1 65 89 92 116 118
1 78 88 95
1 61 75 78 84 87 95 96 111
1 67 80 86 93 116
4 81 83 91 98 106 121
1 81 82 84 90 106
1 65 79 86 94 112 118
1 80 85 89 108 116
1 79 92 97 104 112 119
1 78 87 88 99 103
1 84 88 101 107 111
1 77 79 94 98 104
2 77 83 90 97 104 121 124
1 73 78 95 100 103 105 109
1 58 62 73 99 105
1 84 96 106 107 110 117
1 85 108 115
1 95 99 109 111 113
1 94 97 98 119 124
1 99 100 109 114 131
1 84 90 91 101 117 121
3 96 101 110 111 130 133
1 85 93 102 115 116 120
3 99 103 105 113 114 130
1 101 107 117 133
1 88 96 103 107 113 130
1 92 94 118 119 122 123
1 103 109 111 130
1 105 109 130 131
1 102 108 120 129 141
1 86 89 93 108 118 120 125 127
2 101 106 110 121 133 134 135
1 86 92 112 116 123 127
1 94 104 112 122 124 126 128
2 108 115 116 125 129
1 90 98 106 117 124 135 140
1 112 119 123 128 139
1 112 118 122 127 139 144
2 98 104 119 121 126 132 137 140
2 116 120 127 129 138
2 119 124 128 132 139 152
1 116 118 123 125 138 143
1 119 122 126 139
1 115 120 125 138 141
2 107 109 111 113 114 131 133 136 147 149
1 105 114 130 136 150
1 124 126 137 148 152
1 107 110 117 130 134 149 151 156
1 117 133 135 146 156
1 117 121 134 140 142
1 130 131 147 150
1 124 132 140 148
1 125 127 129 141 143 145
1 122 123 126 128 144 152 157
2 121 124 135 137 142 146 148 154 158
1 115 129 138 145 179
1 135 140 146
1 127 138 144 145 157 174
1 123 139 143 157
1 138 141 143 174 179
2 134 140 142 156 158 167
2 130 136 149 150 153 155
1 132 137 140 152 154
1 130 133 147 151 153 161
1 131 136 147 155 172 185
1 133 149 156 160 161 169
2 126 132 139 148 154 157 159 163 164 165
2 147 149 155 161 172
1 140 148 152 158 159
1 147 150 153 172
1 133 134 146 151 160 167
2 139 143 144 152 162 163 174
1 140 146 154 159 166 167
1 152 154 158 164 166 171 173
3 151 156 167 169 170 175
2 149 151 153 168 169 172
1 157 163 174 180 186
1 152 157 162 165 180 184
1 152 159 165 171
1 152 163 164 171 177 184
2 158 159 167 173 178
2 146 156 158 160 166 175 178
1 161 169 172 176 191
1 151 160 161 168 170 176 181 182
1 160 169 175 181
2 159 164 165 173 177 183
1 150 153 155 161 168 185 191
1 159 166 171 178 183 187 192
2 143 145 157 162 179 186 188 189
1 160 167 170 178 181 190
1 168 169 182 191
1 165 171 183 184 193
2 166 167 173 175 187 190 197
2 141 145 174 188
1 162 163 184 186 200
1 169 170 175 182 190 194
1 169 176 181 191 194 198
1 171 173 177 192 193
2 163 165 177 180 193 199 200
2 150 172 191 195 196
1 162 174 180 189 200
1 173 178 192 197
1 174 179 189
1 174 186 188 200
1 175 178 181 194 197
1 168 172 176 182 185 195 198
1 173 183 187 193 197 201
1 177 183 184 192 199 201
1 181 182 190 197 198
1 185 191 196 198
1 185 195
2 178 187 190 192 194
1 182 191 194 195
1 184 193 200 201
1 180 184 186 189 199
1 192 193 199
